0 0.4921875 0.590625 0.078125 0.265625
0 0.93984375 0.17421875 0.0453125 0.1421875
0 0.88984375 0.1953125 0.0484375 0.15
0 0.4921875 0.590625 0.078125 0.265625
0 0.93984375 0.17421875 0.0453125 0.1421875
0 0.88984375 0.1953125 0.0484375 0.15
0 0.4921875 0.590625 0.078125 0.265625
0 0.93984375 0.17421875 0.0453125 0.1421875
0 0.88984375 0.1953125 0.0484375 0.15
0 0.4921875 0.590625 0.078125 0.265625
0 0.93984375 0.17421875 0.0453125 0.1421875
0 0.88984375 0.1953125 0.0484375 0.15
0 0.4921875 0.590625 0.078125 0.265625
0 0.93984375 0.17421875 0.0453125 0.1421875
0 0.88984375 0.1953125 0.0484375 0.15
0 0.4921875 0.590625 0.078125 0.265625
0 0.93984375 0.17421875 0.0453125 0.1421875
0 0.88984375 0.1953125 0.0484375 0.15
0 0.4921875 0.590625 0.078125 0.265625
0 0.93984375 0.17421875 0.0453125 0.1421875
0 0.88984375 0.1953125 0.0484375 0.15
0 0.4921875 0.590625 0.078125 0.265625
0 0.93984375 0.17421875 0.0453125 0.1421875
0 0.88984375 0.1953125 0.0484375 0.15
0 0.4921875 0.590625 0.078125 0.265625
0 0.93984375 0.17421875 0.0453125 0.1421875
0 0.88984375 0.1953125 0.0484375 0.15
0 0.4921875 0.590625 0.078125 0.265625
0 0.93984375 0.17421875 0.0453125 0.1421875
0 0.88984375 0.1953125 0.0484375 0.15
