0 0.509375 0.590625 0.078125 0.265625
0 0.06171875 0.17421875 0.0453125 0.1421875
0 0.11171875 0.1953125 0.0484375 0.15
0 0.509375 0.590625 0.078125 0.265625
0 0.06171875 0.17421875 0.0453125 0.1421875
0 0.11171875 0.1953125 0.0484375 0.15
0 0.509375 0.590625 0.078125 0.265625
0 0.06171875 0.17421875 0.0453125 0.1421875
0 0.11171875 0.1953125 0.0484375 0.15
0 0.509375 0.590625 0.078125 0.265625
0 0.06171875 0.17421875 0.0453125 0.1421875
0 0.11171875 0.1953125 0.0484375 0.15
0 0.509375 0.590625 0.078125 0.265625
0 0.06171875 0.17421875 0.0453125 0.1421875
0 0.11171875 0.1953125 0.0484375 0.15
0 0.509375 0.590625 0.078125 0.265625
0 0.06171875 0.17421875 0.0453125 0.1421875
0 0.11171875 0.1953125 0.0484375 0.15
0 0.509375 0.590625 0.078125 0.265625
0 0.06171875 0.17421875 0.0453125 0.1421875
0 0.11171875 0.1953125 0.0484375 0.15
0 0.509375 0.590625 0.078125 0.265625
0 0.06171875 0.17421875 0.0453125 0.1421875
0 0.11171875 0.1953125 0.0484375 0.15
0 0.509375 0.590625 0.078125 0.265625
0 0.06171875 0.17421875 0.0453125 0.1421875
0 0.11171875 0.1953125 0.0484375 0.15
0 0.509375 0.590625 0.078125 0.265625
0 0.06171875 0.17421875 0.0453125 0.1421875
0 0.11171875 0.1953125 0.0484375 0.15
