0 0.50078125 0.590234375 0.0671875 0.33671875
0 0.7546875 0.5140625 0.046875 0.128125
0 0.625 0.480859375 0.025 0.07734375
0 0.50078125 0.590234375 0.0671875 0.33671875
0 0.7546875 0.5140625 0.046875 0.128125
0 0.625 0.480859375 0.025 0.07734375
0 0.50078125 0.590234375 0.0671875 0.33671875
0 0.7546875 0.5140625 0.046875 0.128125
0 0.625 0.480859375 0.025 0.07734375
0 0.50078125 0.590234375 0.0671875 0.33671875
0 0.7546875 0.5140625 0.046875 0.128125
0 0.625 0.480859375 0.025 0.07734375
0 0.50078125 0.590234375 0.0671875 0.33671875
0 0.7546875 0.5140625 0.046875 0.128125
0 0.625 0.480859375 0.025 0.07734375
0 0.50078125 0.590234375 0.0671875 0.33671875
0 0.7546875 0.5140625 0.046875 0.128125
0 0.625 0.480859375 0.025 0.07734375
0 0.50078125 0.590234375 0.0671875 0.33671875
0 0.7546875 0.5140625 0.046875 0.128125
0 0.625 0.480859375 0.025 0.07734375
0 0.50078125 0.590234375 0.0671875 0.33671875
0 0.7546875 0.5140625 0.046875 0.128125
0 0.625 0.480859375 0.025 0.07734375
0 0.50078125 0.590234375 0.0671875 0.33671875
0 0.7546875 0.5140625 0.046875 0.128125
0 0.625 0.480859375 0.025 0.07734375
0 0.50078125 0.590234375 0.0671875 0.33671875
0 0.7546875 0.5140625 0.046875 0.128125
0 0.625 0.480859375 0.025 0.07734375
