0 0.51484375 0.623828125 0.1140625 0.43828125
0 0.902734375 0.235546875 0.02421875 0.04296875
0 0.98984375 0.1984375 0.0203125 0.03125
0 0.51484375 0.623828125 0.1140625 0.43828125
0 0.902734375 0.235546875 0.02421875 0.04296875
0 0.98984375 0.1984375 0.0203125 0.03125
0 0.51484375 0.623828125 0.1140625 0.43828125
0 0.902734375 0.235546875 0.02421875 0.04296875
0 0.98984375 0.1984375 0.0203125 0.03125
0 0.51484375 0.623828125 0.1140625 0.43828125
0 0.902734375 0.235546875 0.02421875 0.04296875
0 0.98984375 0.1984375 0.0203125 0.03125
0 0.51484375 0.623828125 0.1140625 0.43828125
0 0.902734375 0.235546875 0.02421875 0.04296875
0 0.98984375 0.1984375 0.0203125 0.03125
0 0.51484375 0.623828125 0.1140625 0.43828125
0 0.902734375 0.235546875 0.02421875 0.04296875
0 0.98984375 0.1984375 0.0203125 0.03125
0 0.51484375 0.623828125 0.1140625 0.43828125
0 0.902734375 0.235546875 0.02421875 0.04296875
0 0.98984375 0.1984375 0.0203125 0.03125
0 0.51484375 0.623828125 0.1140625 0.43828125
0 0.902734375 0.235546875 0.02421875 0.04296875
0 0.98984375 0.1984375 0.0203125 0.03125
0 0.51484375 0.623828125 0.1140625 0.43828125
0 0.902734375 0.235546875 0.02421875 0.04296875
0 0.98984375 0.1984375 0.0203125 0.03125
0 0.51484375 0.623828125 0.1140625 0.43828125
0 0.902734375 0.235546875 0.02421875 0.04296875
0 0.98984375 0.1984375 0.0203125 0.03125
