0 0.4015625 0.518359375 0.1 0.32421875
0 0.60390625 0.494921875 0.0796875 0.31171875
0 0.672265625 0.5203125 0.06328125 0.34375
0 0.744921875 0.561328125 0.14609375 0.44765625
0 0.4015625 0.518359375 0.1 0.32421875
0 0.60390625 0.494921875 0.0796875 0.31171875
0 0.672265625 0.5203125 0.06328125 0.34375
0 0.744921875 0.561328125 0.14609375 0.44765625
0 0.4015625 0.518359375 0.1 0.32421875
0 0.60390625 0.494921875 0.0796875 0.31171875
0 0.672265625 0.5203125 0.06328125 0.34375
0 0.744921875 0.561328125 0.14609375 0.44765625
0 0.4015625 0.518359375 0.1 0.32421875
0 0.60390625 0.494921875 0.0796875 0.31171875
0 0.672265625 0.5203125 0.06328125 0.34375
0 0.744921875 0.561328125 0.14609375 0.44765625
0 0.4015625 0.518359375 0.1 0.32421875
0 0.60390625 0.494921875 0.0796875 0.31171875
0 0.672265625 0.5203125 0.06328125 0.34375
0 0.744921875 0.561328125 0.14609375 0.44765625
0 0.4015625 0.518359375 0.1 0.32421875
0 0.60390625 0.494921875 0.0796875 0.31171875
0 0.672265625 0.5203125 0.06328125 0.34375
0 0.744921875 0.561328125 0.14609375 0.44765625
0 0.4015625 0.518359375 0.1 0.32421875
0 0.60390625 0.494921875 0.0796875 0.31171875
0 0.672265625 0.5203125 0.06328125 0.34375
0 0.744921875 0.561328125 0.14609375 0.44765625
0 0.4015625 0.518359375 0.1 0.32421875
0 0.60390625 0.494921875 0.0796875 0.31171875
0 0.672265625 0.5203125 0.06328125 0.34375
0 0.744921875 0.561328125 0.14609375 0.44765625
0 0.4015625 0.518359375 0.1 0.32421875
0 0.60390625 0.494921875 0.0796875 0.31171875
0 0.672265625 0.5203125 0.06328125 0.34375
0 0.744921875 0.561328125 0.14609375 0.44765625
0 0.4015625 0.518359375 0.1 0.32421875
0 0.60390625 0.494921875 0.0796875 0.31171875
0 0.672265625 0.5203125 0.06328125 0.34375
0 0.744921875 0.561328125 0.14609375 0.44765625
