0 0.51328125 0.620703125 0.0859375 0.40703125
0 0.811328125 0.271484375 0.01640625 0.03046875
0 0.51328125 0.620703125 0.0859375 0.40703125
0 0.811328125 0.271484375 0.01640625 0.03046875
0 0.51328125 0.620703125 0.0859375 0.40703125
0 0.811328125 0.271484375 0.01640625 0.03046875
0 0.51328125 0.620703125 0.0859375 0.40703125
0 0.811328125 0.271484375 0.01640625 0.03046875
0 0.51328125 0.620703125 0.0859375 0.40703125
0 0.811328125 0.271484375 0.01640625 0.03046875
0 0.51328125 0.620703125 0.0859375 0.40703125
0 0.811328125 0.271484375 0.01640625 0.03046875
0 0.51328125 0.620703125 0.0859375 0.40703125
0 0.811328125 0.271484375 0.01640625 0.03046875
0 0.51328125 0.620703125 0.0859375 0.40703125
0 0.811328125 0.271484375 0.01640625 0.03046875
0 0.51328125 0.620703125 0.0859375 0.40703125
0 0.811328125 0.271484375 0.01640625 0.03046875
0 0.51328125 0.620703125 0.0859375 0.40703125
0 0.811328125 0.271484375 0.01640625 0.03046875
