0 0.496875 0.577734375 0.0625 0.31796875
0 0.15390625 0.48359375 0.0484375 0.1296875
0 0.36875 0.475 0.021875 0.053125
0 0.496875 0.577734375 0.0625 0.31796875
0 0.15390625 0.48359375 0.0484375 0.1296875
0 0.36875 0.475 0.021875 0.053125
0 0.496875 0.577734375 0.0625 0.31796875
0 0.15390625 0.48359375 0.0484375 0.1296875
0 0.36875 0.475 0.021875 0.053125
0 0.496875 0.577734375 0.0625 0.31796875
0 0.15390625 0.48359375 0.0484375 0.1296875
0 0.36875 0.475 0.021875 0.053125
0 0.496875 0.577734375 0.0625 0.31796875
0 0.15390625 0.48359375 0.0484375 0.1296875
0 0.36875 0.475 0.021875 0.053125
0 0.496875 0.577734375 0.0625 0.31796875
0 0.15390625 0.48359375 0.0484375 0.1296875
0 0.36875 0.475 0.021875 0.053125
0 0.496875 0.577734375 0.0625 0.31796875
0 0.15390625 0.48359375 0.0484375 0.1296875
0 0.36875 0.475 0.021875 0.053125
0 0.496875 0.577734375 0.0625 0.31796875
0 0.15390625 0.48359375 0.0484375 0.1296875
0 0.36875 0.475 0.021875 0.053125
0 0.496875 0.577734375 0.0625 0.31796875
0 0.15390625 0.48359375 0.0484375 0.1296875
0 0.36875 0.475 0.021875 0.053125
0 0.496875 0.577734375 0.0625 0.31796875
0 0.15390625 0.48359375 0.0484375 0.1296875
0 0.36875 0.475 0.021875 0.053125
