0 0.488671875 0.596484375 0.11796875 0.41484375
0 0.831640625 0.468359375 0.05703125 0.13359375
0 0.488671875 0.596484375 0.11796875 0.41484375
0 0.831640625 0.468359375 0.05703125 0.13359375
0 0.488671875 0.596484375 0.11796875 0.41484375
0 0.831640625 0.468359375 0.05703125 0.13359375
0 0.488671875 0.596484375 0.11796875 0.41484375
0 0.831640625 0.468359375 0.05703125 0.13359375
0 0.488671875 0.596484375 0.11796875 0.41484375
0 0.831640625 0.468359375 0.05703125 0.13359375
0 0.488671875 0.596484375 0.11796875 0.41484375
0 0.831640625 0.468359375 0.05703125 0.13359375
0 0.488671875 0.596484375 0.11796875 0.41484375
0 0.831640625 0.468359375 0.05703125 0.13359375
0 0.488671875 0.596484375 0.11796875 0.41484375
0 0.831640625 0.468359375 0.05703125 0.13359375
0 0.488671875 0.596484375 0.11796875 0.41484375
0 0.831640625 0.468359375 0.05703125 0.13359375
0 0.488671875 0.596484375 0.11796875 0.41484375
0 0.831640625 0.468359375 0.05703125 0.13359375
