0 0.744921875 0.376953125 0.11171875 0.44140625
0 0.618359375 0.416015625 0.06171875 0.21953125
0 0.51875 0.4109375 0.071875 0.278125
0 0.744921875 0.376953125 0.11171875 0.44140625
0 0.618359375 0.416015625 0.06171875 0.21953125
0 0.51875 0.4109375 0.071875 0.278125
0 0.744921875 0.376953125 0.11171875 0.44140625
0 0.618359375 0.416015625 0.06171875 0.21953125
0 0.51875 0.4109375 0.071875 0.278125
0 0.744921875 0.376953125 0.11171875 0.44140625
0 0.618359375 0.416015625 0.06171875 0.21953125
0 0.51875 0.4109375 0.071875 0.278125
0 0.744921875 0.376953125 0.11171875 0.44140625
0 0.618359375 0.416015625 0.06171875 0.21953125
0 0.51875 0.4109375 0.071875 0.278125
0 0.744921875 0.376953125 0.11171875 0.44140625
0 0.618359375 0.416015625 0.06171875 0.21953125
0 0.51875 0.4109375 0.071875 0.278125
0 0.744921875 0.376953125 0.11171875 0.44140625
0 0.618359375 0.416015625 0.06171875 0.21953125
0 0.51875 0.4109375 0.071875 0.278125
0 0.744921875 0.376953125 0.11171875 0.44140625
0 0.618359375 0.416015625 0.06171875 0.21953125
0 0.51875 0.4109375 0.071875 0.278125
0 0.744921875 0.376953125 0.11171875 0.44140625
0 0.618359375 0.416015625 0.06171875 0.21953125
0 0.51875 0.4109375 0.071875 0.278125
0 0.744921875 0.376953125 0.11171875 0.44140625
0 0.618359375 0.416015625 0.06171875 0.21953125
0 0.51875 0.4109375 0.071875 0.278125
