0 0.68046875 0.419140625 0.0484375 0.15390625
0 0.5515625 0.42890625 0.046875 0.1703125
0 0.68046875 0.419140625 0.0484375 0.15390625
0 0.5515625 0.42890625 0.046875 0.1703125
0 0.68046875 0.419140625 0.0484375 0.15390625
0 0.5515625 0.42890625 0.046875 0.1703125
0 0.68046875 0.419140625 0.0484375 0.15390625
0 0.5515625 0.42890625 0.046875 0.1703125
0 0.68046875 0.419140625 0.0484375 0.15390625
0 0.5515625 0.42890625 0.046875 0.1703125
0 0.68046875 0.419140625 0.0484375 0.15390625
0 0.5515625 0.42890625 0.046875 0.1703125
0 0.68046875 0.419140625 0.0484375 0.15390625
0 0.5515625 0.42890625 0.046875 0.1703125
0 0.68046875 0.419140625 0.0484375 0.15390625
0 0.5515625 0.42890625 0.046875 0.1703125
0 0.68046875 0.419140625 0.0484375 0.15390625
0 0.5515625 0.42890625 0.046875 0.1703125
0 0.68046875 0.419140625 0.0484375 0.15390625
0 0.5515625 0.42890625 0.046875 0.1703125
