0 0.55632265625 0.5191140625 0.06577031250000001 0.269478125
0 0.519921875 0.4421875 0.00859375 0.040625
0 0.55632265625 0.5191140625 0.06577031250000001 0.269478125
0 0.519921875 0.4421875 0.00859375 0.040625
0 0.55632265625 0.5191140625 0.06577031250000001 0.269478125
0 0.519921875 0.4421875 0.00859375 0.040625
0 0.55632265625 0.5191140625 0.06577031250000001 0.269478125
0 0.519921875 0.4421875 0.00859375 0.040625
0 0.55632265625 0.5191140625 0.06577031250000001 0.269478125
0 0.519921875 0.4421875 0.00859375 0.040625
0 0.55632265625 0.5191140625 0.06577031250000001 0.269478125
0 0.519921875 0.4421875 0.00859375 0.040625
0 0.55632265625 0.5191140625 0.06577031250000001 0.269478125
0 0.519921875 0.4421875 0.00859375 0.040625
0 0.55632265625 0.5191140625 0.06577031250000001 0.269478125
0 0.519921875 0.4421875 0.00859375 0.040625
0 0.55632265625 0.5191140625 0.06577031250000001 0.269478125
0 0.519921875 0.4421875 0.00859375 0.040625
0 0.55632265625 0.5191140625 0.06577031250000001 0.269478125
0 0.519921875 0.4421875 0.00859375 0.040625
