0 0.5109375 0.596875 0.09375 0.36875
0 0.755859375 0.296875 0.01171875 0.028125
0 0.5109375 0.596875 0.09375 0.36875
0 0.755859375 0.296875 0.01171875 0.028125
0 0.5109375 0.596875 0.09375 0.36875
0 0.755859375 0.296875 0.01171875 0.028125
0 0.5109375 0.596875 0.09375 0.36875
0 0.755859375 0.296875 0.01171875 0.028125
0 0.5109375 0.596875 0.09375 0.36875
0 0.755859375 0.296875 0.01171875 0.028125
0 0.5109375 0.596875 0.09375 0.36875
0 0.755859375 0.296875 0.01171875 0.028125
0 0.5109375 0.596875 0.09375 0.36875
0 0.755859375 0.296875 0.01171875 0.028125
0 0.5109375 0.596875 0.09375 0.36875
0 0.755859375 0.296875 0.01171875 0.028125
0 0.5109375 0.596875 0.09375 0.36875
0 0.755859375 0.296875 0.01171875 0.028125
0 0.5109375 0.596875 0.09375 0.36875
0 0.755859375 0.296875 0.01171875 0.028125
