0 0.5046875 0.577734375 0.0625 0.31796875
0 0.84765625 0.48359375 0.0484375 0.1296875
0 0.6328125 0.475 0.021875 0.053125
0 0.5046875 0.577734375 0.0625 0.31796875
0 0.84765625 0.48359375 0.0484375 0.1296875
0 0.6328125 0.475 0.021875 0.053125
0 0.5046875 0.577734375 0.0625 0.31796875
0 0.84765625 0.48359375 0.0484375 0.1296875
0 0.6328125 0.475 0.021875 0.053125
0 0.5046875 0.577734375 0.0625 0.31796875
0 0.84765625 0.48359375 0.0484375 0.1296875
0 0.6328125 0.475 0.021875 0.053125
0 0.5046875 0.577734375 0.0625 0.31796875
0 0.84765625 0.48359375 0.0484375 0.1296875
0 0.6328125 0.475 0.021875 0.053125
0 0.5046875 0.577734375 0.0625 0.31796875
0 0.84765625 0.48359375 0.0484375 0.1296875
0 0.6328125 0.475 0.021875 0.053125
0 0.5046875 0.577734375 0.0625 0.31796875
0 0.84765625 0.48359375 0.0484375 0.1296875
0 0.6328125 0.475 0.021875 0.053125
0 0.5046875 0.577734375 0.0625 0.31796875
0 0.84765625 0.48359375 0.0484375 0.1296875
0 0.6328125 0.475 0.021875 0.053125
0 0.5046875 0.577734375 0.0625 0.31796875
0 0.84765625 0.48359375 0.0484375 0.1296875
0 0.6328125 0.475 0.021875 0.053125
0 0.5046875 0.577734375 0.0625 0.31796875
0 0.84765625 0.48359375 0.0484375 0.1296875
0 0.6328125 0.475 0.021875 0.053125
