0 0.429296875 0.39375 0.05234375 0.221875
0 0.498828125 0.403515625 0.02890625 0.16328125
0 0.429296875 0.39375 0.05234375 0.221875
0 0.498828125 0.403515625 0.02890625 0.16328125
0 0.429296875 0.39375 0.05234375 0.221875
0 0.498828125 0.403515625 0.02890625 0.16328125
0 0.429296875 0.39375 0.05234375 0.221875
0 0.498828125 0.403515625 0.02890625 0.16328125
0 0.429296875 0.39375 0.05234375 0.221875
0 0.498828125 0.403515625 0.02890625 0.16328125
0 0.429296875 0.39375 0.05234375 0.221875
0 0.498828125 0.403515625 0.02890625 0.16328125
0 0.429296875 0.39375 0.05234375 0.221875
0 0.498828125 0.403515625 0.02890625 0.16328125
0 0.429296875 0.39375 0.05234375 0.221875
0 0.498828125 0.403515625 0.02890625 0.16328125
0 0.429296875 0.39375 0.05234375 0.221875
0 0.498828125 0.403515625 0.02890625 0.16328125
0 0.429296875 0.39375 0.05234375 0.221875
0 0.498828125 0.403515625 0.02890625 0.16328125
