0 0.501953125 0.58671875 0.09453125 0.3609375
0 0.119921875 0.48359375 0.09296875 0.1078125
0 0.501953125 0.58671875 0.09453125 0.3609375
0 0.119921875 0.48359375 0.09296875 0.1078125
0 0.501953125 0.58671875 0.09453125 0.3609375
0 0.119921875 0.48359375 0.09296875 0.1078125
0 0.501953125 0.58671875 0.09453125 0.3609375
0 0.119921875 0.48359375 0.09296875 0.1078125
0 0.501953125 0.58671875 0.09453125 0.3609375
0 0.119921875 0.48359375 0.09296875 0.1078125
0 0.501953125 0.58671875 0.09453125 0.3609375
0 0.119921875 0.48359375 0.09296875 0.1078125
0 0.501953125 0.58671875 0.09453125 0.3609375
0 0.119921875 0.48359375 0.09296875 0.1078125
0 0.501953125 0.58671875 0.09453125 0.3609375
0 0.119921875 0.48359375 0.09296875 0.1078125
0 0.501953125 0.58671875 0.09453125 0.3609375
0 0.119921875 0.48359375 0.09296875 0.1078125
0 0.501953125 0.58671875 0.09453125 0.3609375
0 0.119921875 0.48359375 0.09296875 0.1078125
