0 0.73125 0.419140625 0.146875 0.44765625
0 0.515234375 0.41640625 0.03984375 0.1640625
0 0.369140625 0.448046875 0.05703125 0.18359375
0 0.73125 0.419140625 0.146875 0.44765625
0 0.515234375 0.41640625 0.03984375 0.1640625
0 0.369140625 0.448046875 0.05703125 0.18359375
0 0.73125 0.419140625 0.146875 0.44765625
0 0.515234375 0.41640625 0.03984375 0.1640625
0 0.369140625 0.448046875 0.05703125 0.18359375
0 0.73125 0.419140625 0.146875 0.44765625
0 0.515234375 0.41640625 0.03984375 0.1640625
0 0.369140625 0.448046875 0.05703125 0.18359375
0 0.73125 0.419140625 0.146875 0.44765625
0 0.515234375 0.41640625 0.03984375 0.1640625
0 0.369140625 0.448046875 0.05703125 0.18359375
0 0.73125 0.419140625 0.146875 0.44765625
0 0.515234375 0.41640625 0.03984375 0.1640625
0 0.369140625 0.448046875 0.05703125 0.18359375
0 0.73125 0.419140625 0.146875 0.44765625
0 0.515234375 0.41640625 0.03984375 0.1640625
0 0.369140625 0.448046875 0.05703125 0.18359375
0 0.73125 0.419140625 0.146875 0.44765625
0 0.515234375 0.41640625 0.03984375 0.1640625
0 0.369140625 0.448046875 0.05703125 0.18359375
0 0.73125 0.419140625 0.146875 0.44765625
0 0.515234375 0.41640625 0.03984375 0.1640625
0 0.369140625 0.448046875 0.05703125 0.18359375
0 0.73125 0.419140625 0.146875 0.44765625
0 0.515234375 0.41640625 0.03984375 0.1640625
0 0.369140625 0.448046875 0.05703125 0.18359375
