0 0.506640625 0.60390625 0.09140625 0.3984375
0 0.858203125 0.48984375 0.05078125 0.1484375
0 0.506640625 0.60390625 0.09140625 0.3984375
0 0.858203125 0.48984375 0.05078125 0.1484375
0 0.506640625 0.60390625 0.09140625 0.3984375
0 0.858203125 0.48984375 0.05078125 0.1484375
0 0.506640625 0.60390625 0.09140625 0.3984375
0 0.858203125 0.48984375 0.05078125 0.1484375
0 0.506640625 0.60390625 0.09140625 0.3984375
0 0.858203125 0.48984375 0.05078125 0.1484375
0 0.506640625 0.60390625 0.09140625 0.3984375
0 0.858203125 0.48984375 0.05078125 0.1484375
0 0.506640625 0.60390625 0.09140625 0.3984375
0 0.858203125 0.48984375 0.05078125 0.1484375
0 0.506640625 0.60390625 0.09140625 0.3984375
0 0.858203125 0.48984375 0.05078125 0.1484375
0 0.506640625 0.60390625 0.09140625 0.3984375
0 0.858203125 0.48984375 0.05078125 0.1484375
0 0.506640625 0.60390625 0.09140625 0.3984375
0 0.858203125 0.48984375 0.05078125 0.1484375
