0 0.497265625 0.5875 0.09453125 0.328125
0 0.43359375 0.483203125 0.0140625 0.06328125
0 0.497265625 0.5875 0.09453125 0.328125
0 0.43359375 0.483203125 0.0140625 0.06328125
0 0.497265625 0.5875 0.09453125 0.328125
0 0.43359375 0.483203125 0.0140625 0.06328125
0 0.497265625 0.5875 0.09453125 0.328125
0 0.43359375 0.483203125 0.0140625 0.06328125
0 0.497265625 0.5875 0.09453125 0.328125
0 0.43359375 0.483203125 0.0140625 0.06328125
0 0.497265625 0.5875 0.09453125 0.328125
0 0.43359375 0.483203125 0.0140625 0.06328125
0 0.497265625 0.5875 0.09453125 0.328125
0 0.43359375 0.483203125 0.0140625 0.06328125
0 0.497265625 0.5875 0.09453125 0.328125
0 0.43359375 0.483203125 0.0140625 0.06328125
0 0.497265625 0.5875 0.09453125 0.328125
0 0.43359375 0.483203125 0.0140625 0.06328125
0 0.497265625 0.5875 0.09453125 0.328125
0 0.43359375 0.483203125 0.0140625 0.06328125
