0 0.503125 0.59609375 0.078125 0.3640625
0 0.8453125 0.4828125 0.046875 0.15
0 0.503125 0.59609375 0.078125 0.3640625
0 0.8453125 0.4828125 0.046875 0.15
0 0.503125 0.59609375 0.078125 0.3640625
0 0.8453125 0.4828125 0.046875 0.15
0 0.503125 0.59609375 0.078125 0.3640625
0 0.8453125 0.4828125 0.046875 0.15
0 0.503125 0.59609375 0.078125 0.3640625
0 0.8453125 0.4828125 0.046875 0.15
0 0.503125 0.59609375 0.078125 0.3640625
0 0.8453125 0.4828125 0.046875 0.15
0 0.503125 0.59609375 0.078125 0.3640625
0 0.8453125 0.4828125 0.046875 0.15
0 0.503125 0.59609375 0.078125 0.3640625
0 0.8453125 0.4828125 0.046875 0.15
0 0.503125 0.59609375 0.078125 0.3640625
0 0.8453125 0.4828125 0.046875 0.15
0 0.503125 0.59609375 0.078125 0.3640625
0 0.8453125 0.4828125 0.046875 0.15
