0 0.498046875 0.59765625 0.08359375 0.3640625
0 0.38828125 0.48125 0.0296875 0.084375
0 0.498046875 0.59765625 0.08359375 0.3640625
0 0.38828125 0.48125 0.0296875 0.084375
0 0.498046875 0.59765625 0.08359375 0.3640625
0 0.38828125 0.48125 0.0296875 0.084375
0 0.498046875 0.59765625 0.08359375 0.3640625
0 0.38828125 0.48125 0.0296875 0.084375
0 0.498046875 0.59765625 0.08359375 0.3640625
0 0.38828125 0.48125 0.0296875 0.084375
0 0.498046875 0.59765625 0.08359375 0.3640625
0 0.38828125 0.48125 0.0296875 0.084375
0 0.498046875 0.59765625 0.08359375 0.3640625
0 0.38828125 0.48125 0.0296875 0.084375
0 0.498046875 0.59765625 0.08359375 0.3640625
0 0.38828125 0.48125 0.0296875 0.084375
0 0.498046875 0.59765625 0.08359375 0.3640625
0 0.38828125 0.48125 0.0296875 0.084375
0 0.498046875 0.59765625 0.08359375 0.3640625
0 0.38828125 0.48125 0.0296875 0.084375
