0 0.66953125 0.46328125 0.0828125 0.2109375
0 0.93984375 0.451171875 0.0609375 0.17734375
0 0.7703125 0.41640625 0.040625 0.0828125
0 0.549609375 0.39375 0.02734375 0.034375
0 0.66953125 0.46328125 0.0828125 0.2109375
0 0.93984375 0.451171875 0.0609375 0.17734375
0 0.7703125 0.41640625 0.040625 0.0828125
0 0.549609375 0.39375 0.02734375 0.034375
0 0.66953125 0.46328125 0.0828125 0.2109375
0 0.93984375 0.451171875 0.0609375 0.17734375
0 0.7703125 0.41640625 0.040625 0.0828125
0 0.549609375 0.39375 0.02734375 0.034375
0 0.66953125 0.46328125 0.0828125 0.2109375
0 0.93984375 0.451171875 0.0609375 0.17734375
0 0.7703125 0.41640625 0.040625 0.0828125
0 0.549609375 0.39375 0.02734375 0.034375
0 0.66953125 0.46328125 0.0828125 0.2109375
0 0.93984375 0.451171875 0.0609375 0.17734375
0 0.7703125 0.41640625 0.040625 0.0828125
0 0.549609375 0.39375 0.02734375 0.034375
0 0.66953125 0.46328125 0.0828125 0.2109375
0 0.93984375 0.451171875 0.0609375 0.17734375
0 0.7703125 0.41640625 0.040625 0.0828125
0 0.549609375 0.39375 0.02734375 0.034375
0 0.66953125 0.46328125 0.0828125 0.2109375
0 0.93984375 0.451171875 0.0609375 0.17734375
0 0.7703125 0.41640625 0.040625 0.0828125
0 0.549609375 0.39375 0.02734375 0.034375
0 0.66953125 0.46328125 0.0828125 0.2109375
0 0.93984375 0.451171875 0.0609375 0.17734375
0 0.7703125 0.41640625 0.040625 0.0828125
0 0.549609375 0.39375 0.02734375 0.034375
0 0.66953125 0.46328125 0.0828125 0.2109375
0 0.93984375 0.451171875 0.0609375 0.17734375
0 0.7703125 0.41640625 0.040625 0.0828125
0 0.549609375 0.39375 0.02734375 0.034375
0 0.66953125 0.46328125 0.0828125 0.2109375
0 0.93984375 0.451171875 0.0609375 0.17734375
0 0.7703125 0.41640625 0.040625 0.0828125
0 0.549609375 0.39375 0.02734375 0.034375
