0 0.503515625 0.5875 0.09453125 0.328125
0 0.56796875 0.483203125 0.0140625 0.06328125
0 0.503515625 0.5875 0.09453125 0.328125
0 0.56796875 0.483203125 0.0140625 0.06328125
0 0.503515625 0.5875 0.09453125 0.328125
0 0.56796875 0.483203125 0.0140625 0.06328125
0 0.503515625 0.5875 0.09453125 0.328125
0 0.56796875 0.483203125 0.0140625 0.06328125
0 0.503515625 0.5875 0.09453125 0.328125
0 0.56796875 0.483203125 0.0140625 0.06328125
0 0.503515625 0.5875 0.09453125 0.328125
0 0.56796875 0.483203125 0.0140625 0.06328125
0 0.503515625 0.5875 0.09453125 0.328125
0 0.56796875 0.483203125 0.0140625 0.06328125
0 0.503515625 0.5875 0.09453125 0.328125
0 0.56796875 0.483203125 0.0140625 0.06328125
0 0.503515625 0.5875 0.09453125 0.328125
0 0.56796875 0.483203125 0.0140625 0.06328125
0 0.503515625 0.5875 0.09453125 0.328125
0 0.56796875 0.483203125 0.0140625 0.06328125
