0 0.4984375 0.5796875 0.084375 0.328125
0 0.08671875 0.4796875 0.0921875 0.1
0 0.4984375 0.5796875 0.084375 0.328125
0 0.08671875 0.4796875 0.0921875 0.1
0 0.4984375 0.5796875 0.084375 0.328125
0 0.08671875 0.4796875 0.0921875 0.1
0 0.4984375 0.5796875 0.084375 0.328125
0 0.08671875 0.4796875 0.0921875 0.1
0 0.4984375 0.5796875 0.084375 0.328125
0 0.08671875 0.4796875 0.0921875 0.1
0 0.4984375 0.5796875 0.084375 0.328125
0 0.08671875 0.4796875 0.0921875 0.1
0 0.4984375 0.5796875 0.084375 0.328125
0 0.08671875 0.4796875 0.0921875 0.1
0 0.4984375 0.5796875 0.084375 0.328125
0 0.08671875 0.4796875 0.0921875 0.1
0 0.4984375 0.5796875 0.084375 0.328125
0 0.08671875 0.4796875 0.0921875 0.1
0 0.4984375 0.5796875 0.084375 0.328125
0 0.08671875 0.4796875 0.0921875 0.1
