0 0.51875 0.616015625 0.103125 0.41015625
0 0.633984375 0.486328125 0.03046875 0.09140625
0 0.51875 0.616015625 0.103125 0.41015625
0 0.633984375 0.486328125 0.03046875 0.09140625
0 0.51875 0.616015625 0.103125 0.41015625
0 0.633984375 0.486328125 0.03046875 0.09140625
0 0.51875 0.616015625 0.103125 0.41015625
0 0.633984375 0.486328125 0.03046875 0.09140625
0 0.51875 0.616015625 0.103125 0.41015625
0 0.633984375 0.486328125 0.03046875 0.09140625
0 0.51875 0.616015625 0.103125 0.41015625
0 0.633984375 0.486328125 0.03046875 0.09140625
0 0.51875 0.616015625 0.103125 0.41015625
0 0.633984375 0.486328125 0.03046875 0.09140625
0 0.51875 0.616015625 0.103125 0.41015625
0 0.633984375 0.486328125 0.03046875 0.09140625
0 0.51875 0.616015625 0.103125 0.41015625
0 0.633984375 0.486328125 0.03046875 0.09140625
0 0.51875 0.616015625 0.103125 0.41015625
0 0.633984375 0.486328125 0.03046875 0.09140625
