0 0.532421875 0.424609375 0.03671875 0.15234375
0 0.6671875 0.34140625 0.028125 0.1609375
0 0.342578125 0.397265625 0.02890625 0.09140625
0 0.532421875 0.424609375 0.03671875 0.15234375
0 0.6671875 0.34140625 0.028125 0.1609375
0 0.342578125 0.397265625 0.02890625 0.09140625
0 0.532421875 0.424609375 0.03671875 0.15234375
0 0.6671875 0.34140625 0.028125 0.1609375
0 0.342578125 0.397265625 0.02890625 0.09140625
0 0.532421875 0.424609375 0.03671875 0.15234375
0 0.6671875 0.34140625 0.028125 0.1609375
0 0.342578125 0.397265625 0.02890625 0.09140625
0 0.532421875 0.424609375 0.03671875 0.15234375
0 0.6671875 0.34140625 0.028125 0.1609375
0 0.342578125 0.397265625 0.02890625 0.09140625
0 0.532421875 0.424609375 0.03671875 0.15234375
0 0.6671875 0.34140625 0.028125 0.1609375
0 0.342578125 0.397265625 0.02890625 0.09140625
0 0.532421875 0.424609375 0.03671875 0.15234375
0 0.6671875 0.34140625 0.028125 0.1609375
0 0.342578125 0.397265625 0.02890625 0.09140625
0 0.532421875 0.424609375 0.03671875 0.15234375
0 0.6671875 0.34140625 0.028125 0.1609375
0 0.342578125 0.397265625 0.02890625 0.09140625
0 0.532421875 0.424609375 0.03671875 0.15234375
0 0.6671875 0.34140625 0.028125 0.1609375
0 0.342578125 0.397265625 0.02890625 0.09140625
0 0.532421875 0.424609375 0.03671875 0.15234375
0 0.6671875 0.34140625 0.028125 0.1609375
0 0.342578125 0.397265625 0.02890625 0.09140625
