0 0.5 0.595703125 0.103125 0.39453125
0 0.6109375 0.458984375 0.025 0.08359375
0 0.5 0.595703125 0.103125 0.39453125
0 0.6109375 0.458984375 0.025 0.08359375
0 0.5 0.595703125 0.103125 0.39453125
0 0.6109375 0.458984375 0.025 0.08359375
0 0.5 0.595703125 0.103125 0.39453125
0 0.6109375 0.458984375 0.025 0.08359375
0 0.5 0.595703125 0.103125 0.39453125
0 0.6109375 0.458984375 0.025 0.08359375
0 0.5 0.595703125 0.103125 0.39453125
0 0.6109375 0.458984375 0.025 0.08359375
0 0.5 0.595703125 0.103125 0.39453125
0 0.6109375 0.458984375 0.025 0.08359375
0 0.5 0.595703125 0.103125 0.39453125
0 0.6109375 0.458984375 0.025 0.08359375
0 0.5 0.595703125 0.103125 0.39453125
0 0.6109375 0.458984375 0.025 0.08359375
0 0.5 0.595703125 0.103125 0.39453125
0 0.6109375 0.458984375 0.025 0.08359375
