0 0.575390625 0.4546875 0.01640625 0.084375
0 0.509765625 0.45078125 0.01640625 0.0671875
0 0.4234375 0.4609375 0.025 0.090625
0 0.575390625 0.4546875 0.01640625 0.084375
0 0.509765625 0.45078125 0.01640625 0.0671875
0 0.4234375 0.4609375 0.025 0.090625
0 0.575390625 0.4546875 0.01640625 0.084375
0 0.509765625 0.45078125 0.01640625 0.0671875
0 0.4234375 0.4609375 0.025 0.090625
0 0.575390625 0.4546875 0.01640625 0.084375
0 0.509765625 0.45078125 0.01640625 0.0671875
0 0.4234375 0.4609375 0.025 0.090625
0 0.575390625 0.4546875 0.01640625 0.084375
0 0.509765625 0.45078125 0.01640625 0.0671875
0 0.4234375 0.4609375 0.025 0.090625
0 0.575390625 0.4546875 0.01640625 0.084375
0 0.509765625 0.45078125 0.01640625 0.0671875
0 0.4234375 0.4609375 0.025 0.090625
0 0.575390625 0.4546875 0.01640625 0.084375
0 0.509765625 0.45078125 0.01640625 0.0671875
0 0.4234375 0.4609375 0.025 0.090625
0 0.575390625 0.4546875 0.01640625 0.084375
0 0.509765625 0.45078125 0.01640625 0.0671875
0 0.4234375 0.4609375 0.025 0.090625
0 0.575390625 0.4546875 0.01640625 0.084375
0 0.509765625 0.45078125 0.01640625 0.0671875
0 0.4234375 0.4609375 0.025 0.090625
0 0.575390625 0.4546875 0.01640625 0.084375
0 0.509765625 0.45078125 0.01640625 0.0671875
0 0.4234375 0.4609375 0.025 0.090625
