0 0.3640625 0.5515625 0.065625 0.240625
0 0.408984375 0.48828125 0.02109375 0.0828125
0 0.5328125 0.493359375 0.021875 0.08671875
0 0.3640625 0.5515625 0.065625 0.240625
0 0.408984375 0.48828125 0.02109375 0.0828125
0 0.5328125 0.493359375 0.021875 0.08671875
0 0.3640625 0.5515625 0.065625 0.240625
0 0.408984375 0.48828125 0.02109375 0.0828125
0 0.5328125 0.493359375 0.021875 0.08671875
0 0.3640625 0.5515625 0.065625 0.240625
0 0.408984375 0.48828125 0.02109375 0.0828125
0 0.5328125 0.493359375 0.021875 0.08671875
0 0.3640625 0.5515625 0.065625 0.240625
0 0.408984375 0.48828125 0.02109375 0.0828125
0 0.5328125 0.493359375 0.021875 0.08671875
0 0.3640625 0.5515625 0.065625 0.240625
0 0.408984375 0.48828125 0.02109375 0.0828125
0 0.5328125 0.493359375 0.021875 0.08671875
0 0.3640625 0.5515625 0.065625 0.240625
0 0.408984375 0.48828125 0.02109375 0.0828125
0 0.5328125 0.493359375 0.021875 0.08671875
0 0.3640625 0.5515625 0.065625 0.240625
0 0.408984375 0.48828125 0.02109375 0.0828125
0 0.5328125 0.493359375 0.021875 0.08671875
0 0.3640625 0.5515625 0.065625 0.240625
0 0.408984375 0.48828125 0.02109375 0.0828125
0 0.5328125 0.493359375 0.021875 0.08671875
0 0.3640625 0.5515625 0.065625 0.240625
0 0.408984375 0.48828125 0.02109375 0.0828125
0 0.5328125 0.493359375 0.021875 0.08671875
