0 0.2296875 0.76875 0.059375 0.190625
0 0.4640625 0.51484375 0.0125 0.0546875
0 0.6359375 0.437109375 0.00625 0.02109375
0 0.2296875 0.76875 0.059375 0.190625
0 0.4640625 0.51484375 0.0125 0.0546875
0 0.6359375 0.437109375 0.00625 0.02109375
0 0.2296875 0.76875 0.059375 0.190625
0 0.4640625 0.51484375 0.0125 0.0546875
0 0.6359375 0.437109375 0.00625 0.02109375
0 0.2296875 0.76875 0.059375 0.190625
0 0.4640625 0.51484375 0.0125 0.0546875
0 0.6359375 0.437109375 0.00625 0.02109375
0 0.2296875 0.76875 0.059375 0.190625
0 0.4640625 0.51484375 0.0125 0.0546875
0 0.6359375 0.437109375 0.00625 0.02109375
0 0.2296875 0.76875 0.059375 0.190625
0 0.4640625 0.51484375 0.0125 0.0546875
0 0.6359375 0.437109375 0.00625 0.02109375
0 0.2296875 0.76875 0.059375 0.190625
0 0.4640625 0.51484375 0.0125 0.0546875
0 0.6359375 0.437109375 0.00625 0.02109375
0 0.2296875 0.76875 0.059375 0.190625
0 0.4640625 0.51484375 0.0125 0.0546875
0 0.6359375 0.437109375 0.00625 0.02109375
0 0.2296875 0.76875 0.059375 0.190625
0 0.4640625 0.51484375 0.0125 0.0546875
0 0.6359375 0.437109375 0.00625 0.02109375
0 0.2296875 0.76875 0.059375 0.190625
0 0.4640625 0.51484375 0.0125 0.0546875
0 0.6359375 0.437109375 0.00625 0.02109375
