0 0.500390625 0.598828125 0.12578125 0.40390625
0 0.5109375 0.34375 0.00625 0.01875
0 0.500390625 0.598828125 0.12578125 0.40390625
0 0.5109375 0.34375 0.00625 0.01875
0 0.500390625 0.598828125 0.12578125 0.40390625
0 0.5109375 0.34375 0.00625 0.01875
0 0.500390625 0.598828125 0.12578125 0.40390625
0 0.5109375 0.34375 0.00625 0.01875
0 0.500390625 0.598828125 0.12578125 0.40390625
0 0.5109375 0.34375 0.00625 0.01875
0 0.500390625 0.598828125 0.12578125 0.40390625
0 0.5109375 0.34375 0.00625 0.01875
0 0.500390625 0.598828125 0.12578125 0.40390625
0 0.5109375 0.34375 0.00625 0.01875
0 0.500390625 0.598828125 0.12578125 0.40390625
0 0.5109375 0.34375 0.00625 0.01875
0 0.500390625 0.598828125 0.12578125 0.40390625
0 0.5109375 0.34375 0.00625 0.01875
0 0.500390625 0.598828125 0.12578125 0.40390625
0 0.5109375 0.34375 0.00625 0.01875
