0 0.46328125 0.4375 0.0328125 0.11875
0 0.5078125 0.416796875 0.01875 0.09921875
0 0.537109375 0.4359375 0.02109375 0.11875
0 0.46328125 0.4375 0.0328125 0.11875
0 0.5078125 0.416796875 0.01875 0.09921875
0 0.537109375 0.4359375 0.02109375 0.11875
0 0.46328125 0.4375 0.0328125 0.11875
0 0.5078125 0.416796875 0.01875 0.09921875
0 0.537109375 0.4359375 0.02109375 0.11875
0 0.46328125 0.4375 0.0328125 0.11875
0 0.5078125 0.416796875 0.01875 0.09921875
0 0.537109375 0.4359375 0.02109375 0.11875
0 0.46328125 0.4375 0.0328125 0.11875
0 0.5078125 0.416796875 0.01875 0.09921875
0 0.537109375 0.4359375 0.02109375 0.11875
0 0.46328125 0.4375 0.0328125 0.11875
0 0.5078125 0.416796875 0.01875 0.09921875
0 0.537109375 0.4359375 0.02109375 0.11875
0 0.46328125 0.4375 0.0328125 0.11875
0 0.5078125 0.416796875 0.01875 0.09921875
0 0.537109375 0.4359375 0.02109375 0.11875
0 0.46328125 0.4375 0.0328125 0.11875
0 0.5078125 0.416796875 0.01875 0.09921875
0 0.537109375 0.4359375 0.02109375 0.11875
0 0.46328125 0.4375 0.0328125 0.11875
0 0.5078125 0.416796875 0.01875 0.09921875
0 0.537109375 0.4359375 0.02109375 0.11875
0 0.46328125 0.4375 0.0328125 0.11875
0 0.5078125 0.416796875 0.01875 0.09921875
0 0.537109375 0.4359375 0.02109375 0.11875
