0 0.501953125 0.57890625 0.06953125 0.3234375
0 0.38046875 0.475390625 0.0171875 0.06953125
0 0.501953125 0.57890625 0.06953125 0.3234375
0 0.38046875 0.475390625 0.0171875 0.06953125
0 0.501953125 0.57890625 0.06953125 0.3234375
0 0.38046875 0.475390625 0.0171875 0.06953125
0 0.501953125 0.57890625 0.06953125 0.3234375
0 0.38046875 0.475390625 0.0171875 0.06953125
0 0.501953125 0.57890625 0.06953125 0.3234375
0 0.38046875 0.475390625 0.0171875 0.06953125
0 0.501953125 0.57890625 0.06953125 0.3234375
0 0.38046875 0.475390625 0.0171875 0.06953125
0 0.501953125 0.57890625 0.06953125 0.3234375
0 0.38046875 0.475390625 0.0171875 0.06953125
0 0.501953125 0.57890625 0.06953125 0.3234375
0 0.38046875 0.475390625 0.0171875 0.06953125
0 0.501953125 0.57890625 0.06953125 0.3234375
0 0.38046875 0.475390625 0.0171875 0.06953125
0 0.501953125 0.57890625 0.06953125 0.3234375
0 0.38046875 0.475390625 0.0171875 0.06953125
