0 0.498046875 0.58359375 0.08671875 0.3453125
0 0.879296875 0.4828125 0.04921875 0.1375
0 0.498046875 0.58359375 0.08671875 0.3453125
0 0.879296875 0.4828125 0.04921875 0.1375
0 0.498046875 0.58359375 0.08671875 0.3453125
0 0.879296875 0.4828125 0.04921875 0.1375
0 0.498046875 0.58359375 0.08671875 0.3453125
0 0.879296875 0.4828125 0.04921875 0.1375
0 0.498046875 0.58359375 0.08671875 0.3453125
0 0.879296875 0.4828125 0.04921875 0.1375
0 0.498046875 0.58359375 0.08671875 0.3453125
0 0.879296875 0.4828125 0.04921875 0.1375
0 0.498046875 0.58359375 0.08671875 0.3453125
0 0.879296875 0.4828125 0.04921875 0.1375
0 0.498046875 0.58359375 0.08671875 0.3453125
0 0.879296875 0.4828125 0.04921875 0.1375
0 0.498046875 0.58359375 0.08671875 0.3453125
0 0.879296875 0.4828125 0.04921875 0.1375
0 0.498046875 0.58359375 0.08671875 0.3453125
0 0.879296875 0.4828125 0.04921875 0.1375
