0 0.50703125 0.5890625 0.1171875 0.378125
0 0.42734375 0.471484375 0.0234375 0.06796875
0 0.50703125 0.5890625 0.1171875 0.378125
0 0.42734375 0.471484375 0.0234375 0.06796875
0 0.50703125 0.5890625 0.1171875 0.378125
0 0.42734375 0.471484375 0.0234375 0.06796875
0 0.50703125 0.5890625 0.1171875 0.378125
0 0.42734375 0.471484375 0.0234375 0.06796875
0 0.50703125 0.5890625 0.1171875 0.378125
0 0.42734375 0.471484375 0.0234375 0.06796875
0 0.50703125 0.5890625 0.1171875 0.378125
0 0.42734375 0.471484375 0.0234375 0.06796875
0 0.50703125 0.5890625 0.1171875 0.378125
0 0.42734375 0.471484375 0.0234375 0.06796875
0 0.50703125 0.5890625 0.1171875 0.378125
0 0.42734375 0.471484375 0.0234375 0.06796875
0 0.50703125 0.5890625 0.1171875 0.378125
0 0.42734375 0.471484375 0.0234375 0.06796875
0 0.50703125 0.5890625 0.1171875 0.378125
0 0.42734375 0.471484375 0.0234375 0.06796875
