0 0.493359375 0.595703125 0.08671875 0.38515625
0 0.1234375 0.242578125 0.025 0.03828125
0 0.493359375 0.595703125 0.08671875 0.38515625
0 0.1234375 0.242578125 0.025 0.03828125
0 0.493359375 0.595703125 0.08671875 0.38515625
0 0.1234375 0.242578125 0.025 0.03828125
0 0.493359375 0.595703125 0.08671875 0.38515625
0 0.1234375 0.242578125 0.025 0.03828125
0 0.493359375 0.595703125 0.08671875 0.38515625
0 0.1234375 0.242578125 0.025 0.03828125
0 0.493359375 0.595703125 0.08671875 0.38515625
0 0.1234375 0.242578125 0.025 0.03828125
0 0.493359375 0.595703125 0.08671875 0.38515625
0 0.1234375 0.242578125 0.025 0.03828125
0 0.493359375 0.595703125 0.08671875 0.38515625
0 0.1234375 0.242578125 0.025 0.03828125
0 0.493359375 0.595703125 0.08671875 0.38515625
0 0.1234375 0.242578125 0.025 0.03828125
0 0.493359375 0.595703125 0.08671875 0.38515625
0 0.1234375 0.242578125 0.025 0.03828125
