0 0.513671875 0.61328125 0.13046875 0.4234375
0 0.5109375 0.35 0.00625 0.01875
0 0.53125 0.349609375 0.00625 0.01484375
0 0.513671875 0.61328125 0.13046875 0.4234375
0 0.5109375 0.35 0.00625 0.01875
0 0.53125 0.349609375 0.00625 0.01484375
0 0.513671875 0.61328125 0.13046875 0.4234375
0 0.5109375 0.35 0.00625 0.01875
0 0.53125 0.349609375 0.00625 0.01484375
0 0.513671875 0.61328125 0.13046875 0.4234375
0 0.5109375 0.35 0.00625 0.01875
0 0.53125 0.349609375 0.00625 0.01484375
0 0.513671875 0.61328125 0.13046875 0.4234375
0 0.5109375 0.35 0.00625 0.01875
0 0.53125 0.349609375 0.00625 0.01484375
0 0.513671875 0.61328125 0.13046875 0.4234375
0 0.5109375 0.35 0.00625 0.01875
0 0.53125 0.349609375 0.00625 0.01484375
0 0.513671875 0.61328125 0.13046875 0.4234375
0 0.5109375 0.35 0.00625 0.01875
0 0.53125 0.349609375 0.00625 0.01484375
0 0.513671875 0.61328125 0.13046875 0.4234375
0 0.5109375 0.35 0.00625 0.01875
0 0.53125 0.349609375 0.00625 0.01484375
0 0.513671875 0.61328125 0.13046875 0.4234375
0 0.5109375 0.35 0.00625 0.01875
0 0.53125 0.349609375 0.00625 0.01484375
0 0.513671875 0.61328125 0.13046875 0.4234375
0 0.5109375 0.35 0.00625 0.01875
0 0.53125 0.349609375 0.00625 0.01484375
