0 0.344921875 0.42421875 0.03984375 0.1265625
0 0.4328125 0.448828125 0.0375 0.19765625
0 0.575390625 0.449609375 0.04765625 0.19296875
0 0.344921875 0.42421875 0.03984375 0.1265625
0 0.4328125 0.448828125 0.0375 0.19765625
0 0.575390625 0.449609375 0.04765625 0.19296875
0 0.344921875 0.42421875 0.03984375 0.1265625
0 0.4328125 0.448828125 0.0375 0.19765625
0 0.575390625 0.449609375 0.04765625 0.19296875
0 0.344921875 0.42421875 0.03984375 0.1265625
0 0.4328125 0.448828125 0.0375 0.19765625
0 0.575390625 0.449609375 0.04765625 0.19296875
0 0.344921875 0.42421875 0.03984375 0.1265625
0 0.4328125 0.448828125 0.0375 0.19765625
0 0.575390625 0.449609375 0.04765625 0.19296875
0 0.344921875 0.42421875 0.03984375 0.1265625
0 0.4328125 0.448828125 0.0375 0.19765625
0 0.575390625 0.449609375 0.04765625 0.19296875
0 0.344921875 0.42421875 0.03984375 0.1265625
0 0.4328125 0.448828125 0.0375 0.19765625
0 0.575390625 0.449609375 0.04765625 0.19296875
0 0.344921875 0.42421875 0.03984375 0.1265625
0 0.4328125 0.448828125 0.0375 0.19765625
0 0.575390625 0.449609375 0.04765625 0.19296875
0 0.344921875 0.42421875 0.03984375 0.1265625
0 0.4328125 0.448828125 0.0375 0.19765625
0 0.575390625 0.449609375 0.04765625 0.19296875
0 0.344921875 0.42421875 0.03984375 0.1265625
0 0.4328125 0.448828125 0.0375 0.19765625
0 0.575390625 0.449609375 0.04765625 0.19296875
