0 0.507421875 0.605078125 0.13046875 0.41328125
0 0.51171875 0.341796875 0.0078125 0.01796875
0 0.507421875 0.605078125 0.13046875 0.41328125
0 0.51171875 0.341796875 0.0078125 0.01796875
0 0.507421875 0.605078125 0.13046875 0.41328125
0 0.51171875 0.341796875 0.0078125 0.01796875
0 0.507421875 0.605078125 0.13046875 0.41328125
0 0.51171875 0.341796875 0.0078125 0.01796875
0 0.507421875 0.605078125 0.13046875 0.41328125
0 0.51171875 0.341796875 0.0078125 0.01796875
0 0.507421875 0.605078125 0.13046875 0.41328125
0 0.51171875 0.341796875 0.0078125 0.01796875
0 0.507421875 0.605078125 0.13046875 0.41328125
0 0.51171875 0.341796875 0.0078125 0.01796875
0 0.507421875 0.605078125 0.13046875 0.41328125
0 0.51171875 0.341796875 0.0078125 0.01796875
0 0.507421875 0.605078125 0.13046875 0.41328125
0 0.51171875 0.341796875 0.0078125 0.01796875
0 0.507421875 0.605078125 0.13046875 0.41328125
0 0.51171875 0.341796875 0.0078125 0.01796875
