0 0.50859375 0.5859375 0.1171875 0.39375
0 0.519921875 0.329296875 0.00546875 0.01484375
0 0.50859375 0.5859375 0.1171875 0.39375
0 0.519921875 0.329296875 0.00546875 0.01484375
0 0.50859375 0.5859375 0.1171875 0.39375
0 0.519921875 0.329296875 0.00546875 0.01484375
0 0.50859375 0.5859375 0.1171875 0.39375
0 0.519921875 0.329296875 0.00546875 0.01484375
0 0.50859375 0.5859375 0.1171875 0.39375
0 0.519921875 0.329296875 0.00546875 0.01484375
0 0.50859375 0.5859375 0.1171875 0.39375
0 0.519921875 0.329296875 0.00546875 0.01484375
0 0.50859375 0.5859375 0.1171875 0.39375
0 0.519921875 0.329296875 0.00546875 0.01484375
0 0.50859375 0.5859375 0.1171875 0.39375
0 0.519921875 0.329296875 0.00546875 0.01484375
0 0.50859375 0.5859375 0.1171875 0.39375
0 0.519921875 0.329296875 0.00546875 0.01484375
0 0.50859375 0.5859375 0.1171875 0.39375
0 0.519921875 0.329296875 0.00546875 0.01484375
