0 0.433203125 0.428125 0.04453125 0.15
0 0.478125 0.396484375 0.0375 0.08046875
0 0.3984375 0.415625 0.025 0.11875
0 0.623046875 0.341796875 0.04296875 0.13671875
0 0.7078125 0.425 0.065625 0.178125
0 0.808984375 0.452734375 0.09609375 0.29296875
0 0.9125 0.484375 0.175 0.390625
0 0.50625 0.385546875 0.0125 0.03671875
0 0.38125 0.3828125 0.0125 0.034375
0 0.433203125 0.428125 0.04453125 0.15
0 0.478125 0.396484375 0.0375 0.08046875
0 0.3984375 0.415625 0.025 0.11875
0 0.623046875 0.341796875 0.04296875 0.13671875
0 0.7078125 0.425 0.065625 0.178125
0 0.808984375 0.452734375 0.09609375 0.29296875
0 0.9125 0.484375 0.175 0.390625
0 0.50625 0.385546875 0.0125 0.03671875
0 0.38125 0.3828125 0.0125 0.034375
0 0.433203125 0.428125 0.04453125 0.15
0 0.478125 0.396484375 0.0375 0.08046875
0 0.3984375 0.415625 0.025 0.11875
0 0.623046875 0.341796875 0.04296875 0.13671875
0 0.7078125 0.425 0.065625 0.178125
0 0.808984375 0.452734375 0.09609375 0.29296875
0 0.9125 0.484375 0.175 0.390625
0 0.50625 0.385546875 0.0125 0.03671875
0 0.38125 0.3828125 0.0125 0.034375
0 0.433203125 0.428125 0.04453125 0.15
0 0.478125 0.396484375 0.0375 0.08046875
0 0.3984375 0.415625 0.025 0.11875
0 0.623046875 0.341796875 0.04296875 0.13671875
0 0.7078125 0.425 0.065625 0.178125
0 0.808984375 0.452734375 0.09609375 0.29296875
0 0.9125 0.484375 0.175 0.390625
0 0.50625 0.385546875 0.0125 0.03671875
0 0.38125 0.3828125 0.0125 0.034375
0 0.433203125 0.428125 0.04453125 0.15
0 0.478125 0.396484375 0.0375 0.08046875
0 0.3984375 0.415625 0.025 0.11875
0 0.623046875 0.341796875 0.04296875 0.13671875
0 0.7078125 0.425 0.065625 0.178125
0 0.808984375 0.452734375 0.09609375 0.29296875
0 0.9125 0.484375 0.175 0.390625
0 0.50625 0.385546875 0.0125 0.03671875
0 0.38125 0.3828125 0.0125 0.034375
0 0.433203125 0.428125 0.04453125 0.15
0 0.478125 0.396484375 0.0375 0.08046875
0 0.3984375 0.415625 0.025 0.11875
0 0.623046875 0.341796875 0.04296875 0.13671875
0 0.7078125 0.425 0.065625 0.178125
0 0.808984375 0.452734375 0.09609375 0.29296875
0 0.9125 0.484375 0.175 0.390625
0 0.50625 0.385546875 0.0125 0.03671875
0 0.38125 0.3828125 0.0125 0.034375
0 0.433203125 0.428125 0.04453125 0.15
0 0.478125 0.396484375 0.0375 0.08046875
0 0.3984375 0.415625 0.025 0.11875
0 0.623046875 0.341796875 0.04296875 0.13671875
0 0.7078125 0.425 0.065625 0.178125
0 0.808984375 0.452734375 0.09609375 0.29296875
0 0.9125 0.484375 0.175 0.390625
0 0.50625 0.385546875 0.0125 0.03671875
0 0.38125 0.3828125 0.0125 0.034375
0 0.433203125 0.428125 0.04453125 0.15
0 0.478125 0.396484375 0.0375 0.08046875
0 0.3984375 0.415625 0.025 0.11875
0 0.623046875 0.341796875 0.04296875 0.13671875
0 0.7078125 0.425 0.065625 0.178125
0 0.808984375 0.452734375 0.09609375 0.29296875
0 0.9125 0.484375 0.175 0.390625
0 0.50625 0.385546875 0.0125 0.03671875
0 0.38125 0.3828125 0.0125 0.034375
0 0.433203125 0.428125 0.04453125 0.15
0 0.478125 0.396484375 0.0375 0.08046875
0 0.3984375 0.415625 0.025 0.11875
0 0.623046875 0.341796875 0.04296875 0.13671875
0 0.7078125 0.425 0.065625 0.178125
0 0.808984375 0.452734375 0.09609375 0.29296875
0 0.9125 0.484375 0.175 0.390625
0 0.50625 0.385546875 0.0125 0.03671875
0 0.38125 0.3828125 0.0125 0.034375
0 0.433203125 0.428125 0.04453125 0.15
0 0.478125 0.396484375 0.0375 0.08046875
0 0.3984375 0.415625 0.025 0.11875
0 0.623046875 0.341796875 0.04296875 0.13671875
0 0.7078125 0.425 0.065625 0.178125
0 0.808984375 0.452734375 0.09609375 0.29296875
0 0.9125 0.484375 0.175 0.390625
0 0.50625 0.385546875 0.0125 0.03671875
0 0.38125 0.3828125 0.0125 0.034375
