0 0.502734375 0.601953125 0.11171875 0.42890625
0 0.96796875 0.47890625 0.0640625 0.1203125
0 0.502734375 0.601953125 0.11171875 0.42890625
0 0.96796875 0.47890625 0.0640625 0.1203125
0 0.502734375 0.601953125 0.11171875 0.42890625
0 0.96796875 0.47890625 0.0640625 0.1203125
0 0.502734375 0.601953125 0.11171875 0.42890625
0 0.96796875 0.47890625 0.0640625 0.1203125
0 0.502734375 0.601953125 0.11171875 0.42890625
0 0.96796875 0.47890625 0.0640625 0.1203125
0 0.502734375 0.601953125 0.11171875 0.42890625
0 0.96796875 0.47890625 0.0640625 0.1203125
0 0.502734375 0.601953125 0.11171875 0.42890625
0 0.96796875 0.47890625 0.0640625 0.1203125
0 0.502734375 0.601953125 0.11171875 0.42890625
0 0.96796875 0.47890625 0.0640625 0.1203125
0 0.502734375 0.601953125 0.11171875 0.42890625
0 0.96796875 0.47890625 0.0640625 0.1203125
0 0.502734375 0.601953125 0.11171875 0.42890625
0 0.96796875 0.47890625 0.0640625 0.1203125
