0 0.496484375 0.601953125 0.11171875 0.42890625
0 0.03203125 0.47890625 0.0640625 0.1203125
0 0.496484375 0.601953125 0.11171875 0.42890625
0 0.03203125 0.47890625 0.0640625 0.1203125
0 0.496484375 0.601953125 0.11171875 0.42890625
0 0.03203125 0.47890625 0.0640625 0.1203125
0 0.496484375 0.601953125 0.11171875 0.42890625
0 0.03203125 0.47890625 0.0640625 0.1203125
0 0.496484375 0.601953125 0.11171875 0.42890625
0 0.03203125 0.47890625 0.0640625 0.1203125
0 0.496484375 0.601953125 0.11171875 0.42890625
0 0.03203125 0.47890625 0.0640625 0.1203125
0 0.496484375 0.601953125 0.11171875 0.42890625
0 0.03203125 0.47890625 0.0640625 0.1203125
0 0.496484375 0.601953125 0.11171875 0.42890625
0 0.03203125 0.47890625 0.0640625 0.1203125
0 0.496484375 0.601953125 0.11171875 0.42890625
0 0.03203125 0.47890625 0.0640625 0.1203125
0 0.496484375 0.601953125 0.11171875 0.42890625
0 0.03203125 0.47890625 0.0640625 0.1203125
