0 0.503515625 0.591796875 0.11015625 0.38671875
0 0.2578125 0.283203125 0.0125 0.02578125
0 0.503515625 0.591796875 0.11015625 0.38671875
0 0.2578125 0.283203125 0.0125 0.02578125
0 0.503515625 0.591796875 0.11015625 0.38671875
0 0.2578125 0.283203125 0.0125 0.02578125
0 0.503515625 0.591796875 0.11015625 0.38671875
0 0.2578125 0.283203125 0.0125 0.02578125
0 0.503515625 0.591796875 0.11015625 0.38671875
0 0.2578125 0.283203125 0.0125 0.02578125
0 0.503515625 0.591796875 0.11015625 0.38671875
0 0.2578125 0.283203125 0.0125 0.02578125
0 0.503515625 0.591796875 0.11015625 0.38671875
0 0.2578125 0.283203125 0.0125 0.02578125
0 0.503515625 0.591796875 0.11015625 0.38671875
0 0.2578125 0.283203125 0.0125 0.02578125
0 0.503515625 0.591796875 0.11015625 0.38671875
0 0.2578125 0.283203125 0.0125 0.02578125
0 0.503515625 0.591796875 0.11015625 0.38671875
0 0.2578125 0.283203125 0.0125 0.02578125
