0 0.51328125 0.601953125 0.1203125 0.38828125
0 0.5078125 0.3546875 0.00625 0.015625
0 0.51328125 0.601953125 0.1203125 0.38828125
0 0.5078125 0.3546875 0.00625 0.015625
0 0.51328125 0.601953125 0.1203125 0.38828125
0 0.5078125 0.3546875 0.00625 0.015625
0 0.51328125 0.601953125 0.1203125 0.38828125
0 0.5078125 0.3546875 0.00625 0.015625
0 0.51328125 0.601953125 0.1203125 0.38828125
0 0.5078125 0.3546875 0.00625 0.015625
0 0.51328125 0.601953125 0.1203125 0.38828125
0 0.5078125 0.3546875 0.00625 0.015625
0 0.51328125 0.601953125 0.1203125 0.38828125
0 0.5078125 0.3546875 0.00625 0.015625
0 0.51328125 0.601953125 0.1203125 0.38828125
0 0.5078125 0.3546875 0.00625 0.015625
0 0.51328125 0.601953125 0.1203125 0.38828125
0 0.5078125 0.3546875 0.00625 0.015625
0 0.51328125 0.601953125 0.1203125 0.38828125
0 0.5078125 0.3546875 0.00625 0.015625
