0 0.51484375 0.39765625 0.0171875 0.0703125
0 0.5375 0.42578125 0.015625 0.0546875
0 0.55859375 0.52578125 0.0203125 0.0609375
0 0.54453125 0.619921875 0.0328125 0.07421875
0 0.50078125 0.306640625 0.0140625 0.06328125
0 0.609375 0.48203125 0.025 0.0359375
0 0.51484375 0.39765625 0.0171875 0.0703125
0 0.5375 0.42578125 0.015625 0.0546875
0 0.55859375 0.52578125 0.0203125 0.0609375
0 0.54453125 0.619921875 0.0328125 0.07421875
0 0.50078125 0.306640625 0.0140625 0.06328125
0 0.609375 0.48203125 0.025 0.0359375
0 0.51484375 0.39765625 0.0171875 0.0703125
0 0.5375 0.42578125 0.015625 0.0546875
0 0.55859375 0.52578125 0.0203125 0.0609375
0 0.54453125 0.619921875 0.0328125 0.07421875
0 0.50078125 0.306640625 0.0140625 0.06328125
0 0.609375 0.48203125 0.025 0.0359375
0 0.51484375 0.39765625 0.0171875 0.0703125
0 0.5375 0.42578125 0.015625 0.0546875
0 0.55859375 0.52578125 0.0203125 0.0609375
0 0.54453125 0.619921875 0.0328125 0.07421875
0 0.50078125 0.306640625 0.0140625 0.06328125
0 0.609375 0.48203125 0.025 0.0359375
0 0.51484375 0.39765625 0.0171875 0.0703125
0 0.5375 0.42578125 0.015625 0.0546875
0 0.55859375 0.52578125 0.0203125 0.0609375
0 0.54453125 0.619921875 0.0328125 0.07421875
0 0.50078125 0.306640625 0.0140625 0.06328125
0 0.609375 0.48203125 0.025 0.0359375
0 0.51484375 0.39765625 0.0171875 0.0703125
0 0.5375 0.42578125 0.015625 0.0546875
0 0.55859375 0.52578125 0.0203125 0.0609375
0 0.54453125 0.619921875 0.0328125 0.07421875
0 0.50078125 0.306640625 0.0140625 0.06328125
0 0.609375 0.48203125 0.025 0.0359375
0 0.51484375 0.39765625 0.0171875 0.0703125
0 0.5375 0.42578125 0.015625 0.0546875
0 0.55859375 0.52578125 0.0203125 0.0609375
0 0.54453125 0.619921875 0.0328125 0.07421875
0 0.50078125 0.306640625 0.0140625 0.06328125
0 0.609375 0.48203125 0.025 0.0359375
0 0.51484375 0.39765625 0.0171875 0.0703125
0 0.5375 0.42578125 0.015625 0.0546875
0 0.55859375 0.52578125 0.0203125 0.0609375
0 0.54453125 0.619921875 0.0328125 0.07421875
0 0.50078125 0.306640625 0.0140625 0.06328125
0 0.609375 0.48203125 0.025 0.0359375
0 0.51484375 0.39765625 0.0171875 0.0703125
0 0.5375 0.42578125 0.015625 0.0546875
0 0.55859375 0.52578125 0.0203125 0.0609375
0 0.54453125 0.619921875 0.0328125 0.07421875
0 0.50078125 0.306640625 0.0140625 0.06328125
0 0.609375 0.48203125 0.025 0.0359375
0 0.51484375 0.39765625 0.0171875 0.0703125
0 0.5375 0.42578125 0.015625 0.0546875
0 0.55859375 0.52578125 0.0203125 0.0609375
0 0.54453125 0.619921875 0.0328125 0.07421875
0 0.50078125 0.306640625 0.0140625 0.06328125
0 0.609375 0.48203125 0.025 0.0359375
