0 0.505078125 0.605078125 0.10390625 0.41953125
0 0.08984375 0.484765625 0.0515625 0.16015625
0 0.505078125 0.605078125 0.10390625 0.41953125
0 0.08984375 0.484765625 0.0515625 0.16015625
0 0.505078125 0.605078125 0.10390625 0.41953125
0 0.08984375 0.484765625 0.0515625 0.16015625
0 0.505078125 0.605078125 0.10390625 0.41953125
0 0.08984375 0.484765625 0.0515625 0.16015625
0 0.505078125 0.605078125 0.10390625 0.41953125
0 0.08984375 0.484765625 0.0515625 0.16015625
0 0.505078125 0.605078125 0.10390625 0.41953125
0 0.08984375 0.484765625 0.0515625 0.16015625
0 0.505078125 0.605078125 0.10390625 0.41953125
0 0.08984375 0.484765625 0.0515625 0.16015625
0 0.505078125 0.605078125 0.10390625 0.41953125
0 0.08984375 0.484765625 0.0515625 0.16015625
0 0.505078125 0.605078125 0.10390625 0.41953125
0 0.08984375 0.484765625 0.0515625 0.16015625
0 0.505078125 0.605078125 0.10390625 0.41953125
0 0.08984375 0.484765625 0.0515625 0.16015625
