0 0.505078125 0.6046875 0.10390625 0.390625
0 0.830859375 0.485546875 0.07734375 0.09296875
0 0.505078125 0.6046875 0.10390625 0.390625
0 0.830859375 0.485546875 0.07734375 0.09296875
0 0.505078125 0.6046875 0.10390625 0.390625
0 0.830859375 0.485546875 0.07734375 0.09296875
0 0.505078125 0.6046875 0.10390625 0.390625
0 0.830859375 0.485546875 0.07734375 0.09296875
0 0.505078125 0.6046875 0.10390625 0.390625
0 0.830859375 0.485546875 0.07734375 0.09296875
0 0.505078125 0.6046875 0.10390625 0.390625
0 0.830859375 0.485546875 0.07734375 0.09296875
0 0.505078125 0.6046875 0.10390625 0.390625
0 0.830859375 0.485546875 0.07734375 0.09296875
0 0.505078125 0.6046875 0.10390625 0.390625
0 0.830859375 0.485546875 0.07734375 0.09296875
0 0.505078125 0.6046875 0.10390625 0.390625
0 0.830859375 0.485546875 0.07734375 0.09296875
0 0.505078125 0.6046875 0.10390625 0.390625
0 0.830859375 0.485546875 0.07734375 0.09296875
