0 0.51640625 0.605859375 0.1390625 0.40546875
0 0.508984375 0.3484375 0.00546875 0.015625
0 0.51640625 0.605859375 0.1390625 0.40546875
0 0.508984375 0.3484375 0.00546875 0.015625
0 0.51640625 0.605859375 0.1390625 0.40546875
0 0.508984375 0.3484375 0.00546875 0.015625
0 0.51640625 0.605859375 0.1390625 0.40546875
0 0.508984375 0.3484375 0.00546875 0.015625
0 0.51640625 0.605859375 0.1390625 0.40546875
0 0.508984375 0.3484375 0.00546875 0.015625
0 0.51640625 0.605859375 0.1390625 0.40546875
0 0.508984375 0.3484375 0.00546875 0.015625
0 0.51640625 0.605859375 0.1390625 0.40546875
0 0.508984375 0.3484375 0.00546875 0.015625
0 0.51640625 0.605859375 0.1390625 0.40546875
0 0.508984375 0.3484375 0.00546875 0.015625
0 0.51640625 0.605859375 0.1390625 0.40546875
0 0.508984375 0.3484375 0.00546875 0.015625
0 0.51640625 0.605859375 0.1390625 0.40546875
0 0.508984375 0.3484375 0.00546875 0.015625
