0 0.50859375 0.58125 0.0671875 0.315625
0 0.11875 0.485546875 0.040625 0.13359375
0 0.358203125 0.479296875 0.02265625 0.04609375
0 0.50859375 0.58125 0.0671875 0.315625
0 0.11875 0.485546875 0.040625 0.13359375
0 0.358203125 0.479296875 0.02265625 0.04609375
0 0.50859375 0.58125 0.0671875 0.315625
0 0.11875 0.485546875 0.040625 0.13359375
0 0.358203125 0.479296875 0.02265625 0.04609375
0 0.50859375 0.58125 0.0671875 0.315625
0 0.11875 0.485546875 0.040625 0.13359375
0 0.358203125 0.479296875 0.02265625 0.04609375
0 0.50859375 0.58125 0.0671875 0.315625
0 0.11875 0.485546875 0.040625 0.13359375
0 0.358203125 0.479296875 0.02265625 0.04609375
0 0.50859375 0.58125 0.0671875 0.315625
0 0.11875 0.485546875 0.040625 0.13359375
0 0.358203125 0.479296875 0.02265625 0.04609375
0 0.50859375 0.58125 0.0671875 0.315625
0 0.11875 0.485546875 0.040625 0.13359375
0 0.358203125 0.479296875 0.02265625 0.04609375
0 0.50859375 0.58125 0.0671875 0.315625
0 0.11875 0.485546875 0.040625 0.13359375
0 0.358203125 0.479296875 0.02265625 0.04609375
0 0.50859375 0.58125 0.0671875 0.315625
0 0.11875 0.485546875 0.040625 0.13359375
0 0.358203125 0.479296875 0.02265625 0.04609375
0 0.50859375 0.58125 0.0671875 0.315625
0 0.11875 0.485546875 0.040625 0.13359375
0 0.358203125 0.479296875 0.02265625 0.04609375
