0 0.519921875 0.426171875 0.03359375 0.13046875
0 0.49140625 0.41796875 0.0265625 0.1046875
0 0.519921875 0.426171875 0.03359375 0.13046875
0 0.49140625 0.41796875 0.0265625 0.1046875
0 0.519921875 0.426171875 0.03359375 0.13046875
0 0.49140625 0.41796875 0.0265625 0.1046875
0 0.519921875 0.426171875 0.03359375 0.13046875
0 0.49140625 0.41796875 0.0265625 0.1046875
0 0.519921875 0.426171875 0.03359375 0.13046875
0 0.49140625 0.41796875 0.0265625 0.1046875
0 0.519921875 0.426171875 0.03359375 0.13046875
0 0.49140625 0.41796875 0.0265625 0.1046875
0 0.519921875 0.426171875 0.03359375 0.13046875
0 0.49140625 0.41796875 0.0265625 0.1046875
0 0.519921875 0.426171875 0.03359375 0.13046875
0 0.49140625 0.41796875 0.0265625 0.1046875
0 0.519921875 0.426171875 0.03359375 0.13046875
0 0.49140625 0.41796875 0.0265625 0.1046875
0 0.519921875 0.426171875 0.03359375 0.13046875
0 0.49140625 0.41796875 0.0265625 0.1046875
