0 0.492578125 0.58125 0.11015625 0.371875
0 0.41640625 0.460546875 0.0171875 0.07421875
0 0.492578125 0.58125 0.11015625 0.371875
0 0.41640625 0.460546875 0.0171875 0.07421875
0 0.492578125 0.58125 0.11015625 0.371875
0 0.41640625 0.460546875 0.0171875 0.07421875
0 0.492578125 0.58125 0.11015625 0.371875
0 0.41640625 0.460546875 0.0171875 0.07421875
0 0.492578125 0.58125 0.11015625 0.371875
0 0.41640625 0.460546875 0.0171875 0.07421875
0 0.492578125 0.58125 0.11015625 0.371875
0 0.41640625 0.460546875 0.0171875 0.07421875
0 0.492578125 0.58125 0.11015625 0.371875
0 0.41640625 0.460546875 0.0171875 0.07421875
0 0.492578125 0.58125 0.11015625 0.371875
0 0.41640625 0.460546875 0.0171875 0.07421875
0 0.492578125 0.58125 0.11015625 0.371875
0 0.41640625 0.460546875 0.0171875 0.07421875
0 0.492578125 0.58125 0.11015625 0.371875
0 0.41640625 0.460546875 0.0171875 0.07421875
