0 0.503125 0.59375 0.090625 0.390625
0 0.920703125 0.21953125 0.02578125 0.0421875
0 0.503125 0.59375 0.090625 0.390625
0 0.920703125 0.21953125 0.02578125 0.0421875
0 0.503125 0.59375 0.090625 0.390625
0 0.920703125 0.21953125 0.02578125 0.0421875
0 0.503125 0.59375 0.090625 0.390625
0 0.920703125 0.21953125 0.02578125 0.0421875
0 0.503125 0.59375 0.090625 0.390625
0 0.920703125 0.21953125 0.02578125 0.0421875
0 0.503125 0.59375 0.090625 0.390625
0 0.920703125 0.21953125 0.02578125 0.0421875
0 0.503125 0.59375 0.090625 0.390625
0 0.920703125 0.21953125 0.02578125 0.0421875
0 0.503125 0.59375 0.090625 0.390625
0 0.920703125 0.21953125 0.02578125 0.0421875
0 0.503125 0.59375 0.090625 0.390625
0 0.920703125 0.21953125 0.02578125 0.0421875
0 0.503125 0.59375 0.090625 0.390625
0 0.920703125 0.21953125 0.02578125 0.0421875
