0 0.494921875 0.591796875 0.10546875 0.40546875
0 0.613671875 0.462890625 0.02421875 0.07265625
0 0.494921875 0.591796875 0.10546875 0.40546875
0 0.613671875 0.462890625 0.02421875 0.07265625
0 0.494921875 0.591796875 0.10546875 0.40546875
0 0.613671875 0.462890625 0.02421875 0.07265625
0 0.494921875 0.591796875 0.10546875 0.40546875
0 0.613671875 0.462890625 0.02421875 0.07265625
0 0.494921875 0.591796875 0.10546875 0.40546875
0 0.613671875 0.462890625 0.02421875 0.07265625
0 0.494921875 0.591796875 0.10546875 0.40546875
0 0.613671875 0.462890625 0.02421875 0.07265625
0 0.494921875 0.591796875 0.10546875 0.40546875
0 0.613671875 0.462890625 0.02421875 0.07265625
0 0.494921875 0.591796875 0.10546875 0.40546875
0 0.613671875 0.462890625 0.02421875 0.07265625
0 0.494921875 0.591796875 0.10546875 0.40546875
0 0.613671875 0.462890625 0.02421875 0.07265625
0 0.494921875 0.591796875 0.10546875 0.40546875
0 0.613671875 0.462890625 0.02421875 0.07265625
