0 0.484375 0.58125 0.1 0.390625
0 0.40078125 0.463671875 0.0234375 0.08046875
0 0.484375 0.58125 0.1 0.390625
0 0.40078125 0.463671875 0.0234375 0.08046875
0 0.484375 0.58125 0.1 0.390625
0 0.40078125 0.463671875 0.0234375 0.08046875
0 0.484375 0.58125 0.1 0.390625
0 0.40078125 0.463671875 0.0234375 0.08046875
0 0.484375 0.58125 0.1 0.390625
0 0.40078125 0.463671875 0.0234375 0.08046875
0 0.484375 0.58125 0.1 0.390625
0 0.40078125 0.463671875 0.0234375 0.08046875
0 0.484375 0.58125 0.1 0.390625
0 0.40078125 0.463671875 0.0234375 0.08046875
0 0.484375 0.58125 0.1 0.390625
0 0.40078125 0.463671875 0.0234375 0.08046875
0 0.484375 0.58125 0.1 0.390625
0 0.40078125 0.463671875 0.0234375 0.08046875
0 0.484375 0.58125 0.1 0.390625
0 0.40078125 0.463671875 0.0234375 0.08046875
