0 0.498828125 0.587109375 0.10703125 0.36484375
0 0.4296875 0.47734375 0.015625 0.0640625
0 0.498828125 0.587109375 0.10703125 0.36484375
0 0.4296875 0.47734375 0.015625 0.0640625
0 0.498828125 0.587109375 0.10703125 0.36484375
0 0.4296875 0.47734375 0.015625 0.0640625
0 0.498828125 0.587109375 0.10703125 0.36484375
0 0.4296875 0.47734375 0.015625 0.0640625
0 0.498828125 0.587109375 0.10703125 0.36484375
0 0.4296875 0.47734375 0.015625 0.0640625
0 0.498828125 0.587109375 0.10703125 0.36484375
0 0.4296875 0.47734375 0.015625 0.0640625
0 0.498828125 0.587109375 0.10703125 0.36484375
0 0.4296875 0.47734375 0.015625 0.0640625
0 0.498828125 0.587109375 0.10703125 0.36484375
0 0.4296875 0.47734375 0.015625 0.0640625
0 0.498828125 0.587109375 0.10703125 0.36484375
0 0.4296875 0.47734375 0.015625 0.0640625
0 0.498828125 0.587109375 0.10703125 0.36484375
0 0.4296875 0.47734375 0.015625 0.0640625
