0 0.54921875 0.3734375 0.0390625 0.15625
0 0.509765625 0.3546875 0.02265625 0.09375
0 0.486328125 0.305859375 0.01640625 0.06796875
0 0.650390625 0.371484375 0.04765625 0.13671875
0 0.529296875 0.33125 0.00859375 0.0375
0 0.6578125 0.284375 0.01875 0.0375
0 0.68125 0.287109375 0.015625 0.03359375
0 0.691015625 0.346875 0.03203125 0.0875
0 0.9046875 0.256640625 0.046875 0.06953125
0 0.54921875 0.3734375 0.0390625 0.15625
0 0.509765625 0.3546875 0.02265625 0.09375
0 0.486328125 0.305859375 0.01640625 0.06796875
0 0.650390625 0.371484375 0.04765625 0.13671875
0 0.529296875 0.33125 0.00859375 0.0375
0 0.6578125 0.284375 0.01875 0.0375
0 0.68125 0.287109375 0.015625 0.03359375
0 0.691015625 0.346875 0.03203125 0.0875
0 0.9046875 0.256640625 0.046875 0.06953125
0 0.54921875 0.3734375 0.0390625 0.15625
0 0.509765625 0.3546875 0.02265625 0.09375
0 0.486328125 0.305859375 0.01640625 0.06796875
0 0.650390625 0.371484375 0.04765625 0.13671875
0 0.529296875 0.33125 0.00859375 0.0375
0 0.6578125 0.284375 0.01875 0.0375
0 0.68125 0.287109375 0.015625 0.03359375
0 0.691015625 0.346875 0.03203125 0.0875
0 0.9046875 0.256640625 0.046875 0.06953125
0 0.54921875 0.3734375 0.0390625 0.15625
0 0.509765625 0.3546875 0.02265625 0.09375
0 0.486328125 0.305859375 0.01640625 0.06796875
0 0.650390625 0.371484375 0.04765625 0.13671875
0 0.529296875 0.33125 0.00859375 0.0375
0 0.6578125 0.284375 0.01875 0.0375
0 0.68125 0.287109375 0.015625 0.03359375
0 0.691015625 0.346875 0.03203125 0.0875
0 0.9046875 0.256640625 0.046875 0.06953125
0 0.54921875 0.3734375 0.0390625 0.15625
0 0.509765625 0.3546875 0.02265625 0.09375
0 0.486328125 0.305859375 0.01640625 0.06796875
0 0.650390625 0.371484375 0.04765625 0.13671875
0 0.529296875 0.33125 0.00859375 0.0375
0 0.6578125 0.284375 0.01875 0.0375
0 0.68125 0.287109375 0.015625 0.03359375
0 0.691015625 0.346875 0.03203125 0.0875
0 0.9046875 0.256640625 0.046875 0.06953125
0 0.54921875 0.3734375 0.0390625 0.15625
0 0.509765625 0.3546875 0.02265625 0.09375
0 0.486328125 0.305859375 0.01640625 0.06796875
0 0.650390625 0.371484375 0.04765625 0.13671875
0 0.529296875 0.33125 0.00859375 0.0375
0 0.6578125 0.284375 0.01875 0.0375
0 0.68125 0.287109375 0.015625 0.03359375
0 0.691015625 0.346875 0.03203125 0.0875
0 0.9046875 0.256640625 0.046875 0.06953125
0 0.54921875 0.3734375 0.0390625 0.15625
0 0.509765625 0.3546875 0.02265625 0.09375
0 0.486328125 0.305859375 0.01640625 0.06796875
0 0.650390625 0.371484375 0.04765625 0.13671875
0 0.529296875 0.33125 0.00859375 0.0375
0 0.6578125 0.284375 0.01875 0.0375
0 0.68125 0.287109375 0.015625 0.03359375
0 0.691015625 0.346875 0.03203125 0.0875
0 0.9046875 0.256640625 0.046875 0.06953125
0 0.54921875 0.3734375 0.0390625 0.15625
0 0.509765625 0.3546875 0.02265625 0.09375
0 0.486328125 0.305859375 0.01640625 0.06796875
0 0.650390625 0.371484375 0.04765625 0.13671875
0 0.529296875 0.33125 0.00859375 0.0375
0 0.6578125 0.284375 0.01875 0.0375
0 0.68125 0.287109375 0.015625 0.03359375
0 0.691015625 0.346875 0.03203125 0.0875
0 0.9046875 0.256640625 0.046875 0.06953125
0 0.54921875 0.3734375 0.0390625 0.15625
0 0.509765625 0.3546875 0.02265625 0.09375
0 0.486328125 0.305859375 0.01640625 0.06796875
0 0.650390625 0.371484375 0.04765625 0.13671875
0 0.529296875 0.33125 0.00859375 0.0375
0 0.6578125 0.284375 0.01875 0.0375
0 0.68125 0.287109375 0.015625 0.03359375
0 0.691015625 0.346875 0.03203125 0.0875
0 0.9046875 0.256640625 0.046875 0.06953125
0 0.54921875 0.3734375 0.0390625 0.15625
0 0.509765625 0.3546875 0.02265625 0.09375
0 0.486328125 0.305859375 0.01640625 0.06796875
0 0.650390625 0.371484375 0.04765625 0.13671875
0 0.529296875 0.33125 0.00859375 0.0375
0 0.6578125 0.284375 0.01875 0.0375
0 0.68125 0.287109375 0.015625 0.03359375
0 0.691015625 0.346875 0.03203125 0.0875
0 0.9046875 0.256640625 0.046875 0.06953125
