0 0.511328125 0.6015625 0.10078125 0.409375
0 0.621875 0.472265625 0.021875 0.08203125
0 0.511328125 0.6015625 0.10078125 0.409375
0 0.621875 0.472265625 0.021875 0.08203125
0 0.511328125 0.6015625 0.10078125 0.409375
0 0.621875 0.472265625 0.021875 0.08203125
0 0.511328125 0.6015625 0.10078125 0.409375
0 0.621875 0.472265625 0.021875 0.08203125
0 0.511328125 0.6015625 0.10078125 0.409375
0 0.621875 0.472265625 0.021875 0.08203125
0 0.511328125 0.6015625 0.10078125 0.409375
0 0.621875 0.472265625 0.021875 0.08203125
0 0.511328125 0.6015625 0.10078125 0.409375
0 0.621875 0.472265625 0.021875 0.08203125
0 0.511328125 0.6015625 0.10078125 0.409375
0 0.621875 0.472265625 0.021875 0.08203125
0 0.511328125 0.6015625 0.10078125 0.409375
0 0.621875 0.472265625 0.021875 0.08203125
0 0.511328125 0.6015625 0.10078125 0.409375
0 0.621875 0.472265625 0.021875 0.08203125
