0 0.594921875 0.544921875 0.06796875 0.31796875
0 0.546484375 0.477734375 0.03046875 0.12734375
0 0.475390625 0.46953125 0.02578125 0.0953125
0 0.43359375 0.4796875 0.0296875 0.115625
0 0.40703125 0.4578125 0.0140625 0.0875
0 0.50390625 0.450390625 0.0109375 0.03828125
0 0.594921875 0.544921875 0.06796875 0.31796875
0 0.546484375 0.477734375 0.03046875 0.12734375
0 0.475390625 0.46953125 0.02578125 0.0953125
0 0.43359375 0.4796875 0.0296875 0.115625
0 0.40703125 0.4578125 0.0140625 0.0875
0 0.50390625 0.450390625 0.0109375 0.03828125
0 0.594921875 0.544921875 0.06796875 0.31796875
0 0.546484375 0.477734375 0.03046875 0.12734375
0 0.475390625 0.46953125 0.02578125 0.0953125
0 0.43359375 0.4796875 0.0296875 0.115625
0 0.40703125 0.4578125 0.0140625 0.0875
0 0.50390625 0.450390625 0.0109375 0.03828125
0 0.594921875 0.544921875 0.06796875 0.31796875
0 0.546484375 0.477734375 0.03046875 0.12734375
0 0.475390625 0.46953125 0.02578125 0.0953125
0 0.43359375 0.4796875 0.0296875 0.115625
0 0.40703125 0.4578125 0.0140625 0.0875
0 0.50390625 0.450390625 0.0109375 0.03828125
0 0.594921875 0.544921875 0.06796875 0.31796875
0 0.546484375 0.477734375 0.03046875 0.12734375
0 0.475390625 0.46953125 0.02578125 0.0953125
0 0.43359375 0.4796875 0.0296875 0.115625
0 0.40703125 0.4578125 0.0140625 0.0875
0 0.50390625 0.450390625 0.0109375 0.03828125
0 0.594921875 0.544921875 0.06796875 0.31796875
0 0.546484375 0.477734375 0.03046875 0.12734375
0 0.475390625 0.46953125 0.02578125 0.0953125
0 0.43359375 0.4796875 0.0296875 0.115625
0 0.40703125 0.4578125 0.0140625 0.0875
0 0.50390625 0.450390625 0.0109375 0.03828125
0 0.594921875 0.544921875 0.06796875 0.31796875
0 0.546484375 0.477734375 0.03046875 0.12734375
0 0.475390625 0.46953125 0.02578125 0.0953125
0 0.43359375 0.4796875 0.0296875 0.115625
0 0.40703125 0.4578125 0.0140625 0.0875
0 0.50390625 0.450390625 0.0109375 0.03828125
0 0.594921875 0.544921875 0.06796875 0.31796875
0 0.546484375 0.477734375 0.03046875 0.12734375
0 0.475390625 0.46953125 0.02578125 0.0953125
0 0.43359375 0.4796875 0.0296875 0.115625
0 0.40703125 0.4578125 0.0140625 0.0875
0 0.50390625 0.450390625 0.0109375 0.03828125
0 0.594921875 0.544921875 0.06796875 0.31796875
0 0.546484375 0.477734375 0.03046875 0.12734375
0 0.475390625 0.46953125 0.02578125 0.0953125
0 0.43359375 0.4796875 0.0296875 0.115625
0 0.40703125 0.4578125 0.0140625 0.0875
0 0.50390625 0.450390625 0.0109375 0.03828125
0 0.594921875 0.544921875 0.06796875 0.31796875
0 0.546484375 0.477734375 0.03046875 0.12734375
0 0.475390625 0.46953125 0.02578125 0.0953125
0 0.43359375 0.4796875 0.0296875 0.115625
0 0.40703125 0.4578125 0.0140625 0.0875
0 0.50390625 0.450390625 0.0109375 0.03828125
