0 0.505078125 0.5796875 0.08515625 0.315625
0 0.910546875 0.490625 0.06484375 0.153125
0 0.505078125 0.5796875 0.08515625 0.315625
0 0.910546875 0.490625 0.06484375 0.153125
0 0.505078125 0.5796875 0.08515625 0.315625
0 0.910546875 0.490625 0.06484375 0.153125
0 0.505078125 0.5796875 0.08515625 0.315625
0 0.910546875 0.490625 0.06484375 0.153125
0 0.505078125 0.5796875 0.08515625 0.315625
0 0.910546875 0.490625 0.06484375 0.153125
0 0.505078125 0.5796875 0.08515625 0.315625
0 0.910546875 0.490625 0.06484375 0.153125
0 0.505078125 0.5796875 0.08515625 0.315625
0 0.910546875 0.490625 0.06484375 0.153125
0 0.505078125 0.5796875 0.08515625 0.315625
0 0.910546875 0.490625 0.06484375 0.153125
0 0.505078125 0.5796875 0.08515625 0.315625
0 0.910546875 0.490625 0.06484375 0.153125
0 0.505078125 0.5796875 0.08515625 0.315625
0 0.910546875 0.490625 0.06484375 0.153125
