0 0.53671875 0.4375 0.0328125 0.11875
0 0.49375 0.416796875 0.01875 0.09921875
0 0.462109375 0.4359375 0.02109375 0.11875
0 0.53671875 0.4375 0.0328125 0.11875
0 0.49375 0.416796875 0.01875 0.09921875
0 0.462109375 0.4359375 0.02109375 0.11875
0 0.53671875 0.4375 0.0328125 0.11875
0 0.49375 0.416796875 0.01875 0.09921875
0 0.462109375 0.4359375 0.02109375 0.11875
0 0.53671875 0.4375 0.0328125 0.11875
0 0.49375 0.416796875 0.01875 0.09921875
0 0.462109375 0.4359375 0.02109375 0.11875
0 0.53671875 0.4375 0.0328125 0.11875
0 0.49375 0.416796875 0.01875 0.09921875
0 0.462109375 0.4359375 0.02109375 0.11875
0 0.53671875 0.4375 0.0328125 0.11875
0 0.49375 0.416796875 0.01875 0.09921875
0 0.462109375 0.4359375 0.02109375 0.11875
0 0.53671875 0.4375 0.0328125 0.11875
0 0.49375 0.416796875 0.01875 0.09921875
0 0.462109375 0.4359375 0.02109375 0.11875
0 0.53671875 0.4375 0.0328125 0.11875
0 0.49375 0.416796875 0.01875 0.09921875
0 0.462109375 0.4359375 0.02109375 0.11875
0 0.53671875 0.4375 0.0328125 0.11875
0 0.49375 0.416796875 0.01875 0.09921875
0 0.462109375 0.4359375 0.02109375 0.11875
0 0.53671875 0.4375 0.0328125 0.11875
0 0.49375 0.416796875 0.01875 0.09921875
0 0.462109375 0.4359375 0.02109375 0.11875
