0 0.497265625 0.594140625 0.08203125 0.36953125
0 0.84140625 0.48359375 0.0609375 0.1484375
0 0.497265625 0.594140625 0.08203125 0.36953125
0 0.84140625 0.48359375 0.0609375 0.1484375
0 0.497265625 0.594140625 0.08203125 0.36953125
0 0.84140625 0.48359375 0.0609375 0.1484375
0 0.497265625 0.594140625 0.08203125 0.36953125
0 0.84140625 0.48359375 0.0609375 0.1484375
0 0.497265625 0.594140625 0.08203125 0.36953125
0 0.84140625 0.48359375 0.0609375 0.1484375
0 0.497265625 0.594140625 0.08203125 0.36953125
0 0.84140625 0.48359375 0.0609375 0.1484375
0 0.497265625 0.594140625 0.08203125 0.36953125
0 0.84140625 0.48359375 0.0609375 0.1484375
0 0.497265625 0.594140625 0.08203125 0.36953125
0 0.84140625 0.48359375 0.0609375 0.1484375
0 0.497265625 0.594140625 0.08203125 0.36953125
0 0.84140625 0.48359375 0.0609375 0.1484375
0 0.497265625 0.594140625 0.08203125 0.36953125
0 0.84140625 0.48359375 0.0609375 0.1484375
