0 0.63203125 0.49453125 0.0390625 0.1265625
0 0.940234375 0.503515625 0.09921875 0.16640625
0 0.63203125 0.49453125 0.0390625 0.1265625
0 0.940234375 0.503515625 0.09921875 0.16640625
0 0.63203125 0.49453125 0.0390625 0.1265625
0 0.940234375 0.503515625 0.09921875 0.16640625
0 0.63203125 0.49453125 0.0390625 0.1265625
0 0.940234375 0.503515625 0.09921875 0.16640625
0 0.63203125 0.49453125 0.0390625 0.1265625
0 0.940234375 0.503515625 0.09921875 0.16640625
0 0.63203125 0.49453125 0.0390625 0.1265625
0 0.940234375 0.503515625 0.09921875 0.16640625
0 0.63203125 0.49453125 0.0390625 0.1265625
0 0.940234375 0.503515625 0.09921875 0.16640625
0 0.63203125 0.49453125 0.0390625 0.1265625
0 0.940234375 0.503515625 0.09921875 0.16640625
0 0.63203125 0.49453125 0.0390625 0.1265625
0 0.940234375 0.503515625 0.09921875 0.16640625
0 0.63203125 0.49453125 0.0390625 0.1265625
0 0.940234375 0.503515625 0.09921875 0.16640625
