0 0.512109375 0.596484375 0.11796875 0.41484375
0 0.167578125 0.468359375 0.05703125 0.13359375
0 0.512109375 0.596484375 0.11796875 0.41484375
0 0.167578125 0.468359375 0.05703125 0.13359375
0 0.512109375 0.596484375 0.11796875 0.41484375
0 0.167578125 0.468359375 0.05703125 0.13359375
0 0.512109375 0.596484375 0.11796875 0.41484375
0 0.167578125 0.468359375 0.05703125 0.13359375
0 0.512109375 0.596484375 0.11796875 0.41484375
0 0.167578125 0.468359375 0.05703125 0.13359375
0 0.512109375 0.596484375 0.11796875 0.41484375
0 0.167578125 0.468359375 0.05703125 0.13359375
0 0.512109375 0.596484375 0.11796875 0.41484375
0 0.167578125 0.468359375 0.05703125 0.13359375
0 0.512109375 0.596484375 0.11796875 0.41484375
0 0.167578125 0.468359375 0.05703125 0.13359375
0 0.512109375 0.596484375 0.11796875 0.41484375
0 0.167578125 0.468359375 0.05703125 0.13359375
0 0.512109375 0.596484375 0.11796875 0.41484375
0 0.167578125 0.468359375 0.05703125 0.13359375
