0 0.466796875 0.424609375 0.03671875 0.15234375
0 0.334375 0.34140625 0.028125 0.1609375
0 0.656640625 0.397265625 0.02890625 0.09140625
0 0.466796875 0.424609375 0.03671875 0.15234375
0 0.334375 0.34140625 0.028125 0.1609375
0 0.656640625 0.397265625 0.02890625 0.09140625
0 0.466796875 0.424609375 0.03671875 0.15234375
0 0.334375 0.34140625 0.028125 0.1609375
0 0.656640625 0.397265625 0.02890625 0.09140625
0 0.466796875 0.424609375 0.03671875 0.15234375
0 0.334375 0.34140625 0.028125 0.1609375
0 0.656640625 0.397265625 0.02890625 0.09140625
0 0.466796875 0.424609375 0.03671875 0.15234375
0 0.334375 0.34140625 0.028125 0.1609375
0 0.656640625 0.397265625 0.02890625 0.09140625
0 0.466796875 0.424609375 0.03671875 0.15234375
0 0.334375 0.34140625 0.028125 0.1609375
0 0.656640625 0.397265625 0.02890625 0.09140625
0 0.466796875 0.424609375 0.03671875 0.15234375
0 0.334375 0.34140625 0.028125 0.1609375
0 0.656640625 0.397265625 0.02890625 0.09140625
0 0.466796875 0.424609375 0.03671875 0.15234375
0 0.334375 0.34140625 0.028125 0.1609375
0 0.656640625 0.397265625 0.02890625 0.09140625
0 0.466796875 0.424609375 0.03671875 0.15234375
0 0.334375 0.34140625 0.028125 0.1609375
0 0.656640625 0.397265625 0.02890625 0.09140625
0 0.466796875 0.424609375 0.03671875 0.15234375
0 0.334375 0.34140625 0.028125 0.1609375
0 0.656640625 0.397265625 0.02890625 0.09140625
