0 0.487109375 0.61328125 0.13046875 0.4234375
0 0.4890625 0.35 0.00625 0.01875
0 0.46875 0.349609375 0.00625 0.01484375
0 0.487109375 0.61328125 0.13046875 0.4234375
0 0.4890625 0.35 0.00625 0.01875
0 0.46875 0.349609375 0.00625 0.01484375
0 0.487109375 0.61328125 0.13046875 0.4234375
0 0.4890625 0.35 0.00625 0.01875
0 0.46875 0.349609375 0.00625 0.01484375
0 0.487109375 0.61328125 0.13046875 0.4234375
0 0.4890625 0.35 0.00625 0.01875
0 0.46875 0.349609375 0.00625 0.01484375
0 0.487109375 0.61328125 0.13046875 0.4234375
0 0.4890625 0.35 0.00625 0.01875
0 0.46875 0.349609375 0.00625 0.01484375
0 0.487109375 0.61328125 0.13046875 0.4234375
0 0.4890625 0.35 0.00625 0.01875
0 0.46875 0.349609375 0.00625 0.01484375
0 0.487109375 0.61328125 0.13046875 0.4234375
0 0.4890625 0.35 0.00625 0.01875
0 0.46875 0.349609375 0.00625 0.01484375
0 0.487109375 0.61328125 0.13046875 0.4234375
0 0.4890625 0.35 0.00625 0.01875
0 0.46875 0.349609375 0.00625 0.01484375
0 0.487109375 0.61328125 0.13046875 0.4234375
0 0.4890625 0.35 0.00625 0.01875
0 0.46875 0.349609375 0.00625 0.01484375
0 0.487109375 0.61328125 0.13046875 0.4234375
0 0.4890625 0.35 0.00625 0.01875
0 0.46875 0.349609375 0.00625 0.01484375
