0 0.494140625 0.591015625 0.08828125 0.38828125
0 0.142578125 0.47734375 0.04453125 0.1234375
0 0.494140625 0.591015625 0.08828125 0.38828125
0 0.142578125 0.47734375 0.04453125 0.1234375
0 0.494140625 0.591015625 0.08828125 0.38828125
0 0.142578125 0.47734375 0.04453125 0.1234375
0 0.494140625 0.591015625 0.08828125 0.38828125
0 0.142578125 0.47734375 0.04453125 0.1234375
0 0.494140625 0.591015625 0.08828125 0.38828125
0 0.142578125 0.47734375 0.04453125 0.1234375
0 0.494140625 0.591015625 0.08828125 0.38828125
0 0.142578125 0.47734375 0.04453125 0.1234375
0 0.494140625 0.591015625 0.08828125 0.38828125
0 0.142578125 0.47734375 0.04453125 0.1234375
0 0.494140625 0.591015625 0.08828125 0.38828125
0 0.142578125 0.47734375 0.04453125 0.1234375
0 0.494140625 0.591015625 0.08828125 0.38828125
0 0.142578125 0.47734375 0.04453125 0.1234375
0 0.494140625 0.591015625 0.08828125 0.38828125
0 0.142578125 0.47734375 0.04453125 0.1234375
