0 0.33203125 0.46328125 0.0828125 0.2109375
0 0.06171875 0.451171875 0.0609375 0.17734375
0 0.23125 0.41640625 0.040625 0.0828125
0 0.451171875 0.39375 0.02734375 0.034375
0 0.33203125 0.46328125 0.0828125 0.2109375
0 0.06171875 0.451171875 0.0609375 0.17734375
0 0.23125 0.41640625 0.040625 0.0828125
0 0.451171875 0.39375 0.02734375 0.034375
0 0.33203125 0.46328125 0.0828125 0.2109375
0 0.06171875 0.451171875 0.0609375 0.17734375
0 0.23125 0.41640625 0.040625 0.0828125
0 0.451171875 0.39375 0.02734375 0.034375
0 0.33203125 0.46328125 0.0828125 0.2109375
0 0.06171875 0.451171875 0.0609375 0.17734375
0 0.23125 0.41640625 0.040625 0.0828125
0 0.451171875 0.39375 0.02734375 0.034375
0 0.33203125 0.46328125 0.0828125 0.2109375
0 0.06171875 0.451171875 0.0609375 0.17734375
0 0.23125 0.41640625 0.040625 0.0828125
0 0.451171875 0.39375 0.02734375 0.034375
0 0.33203125 0.46328125 0.0828125 0.2109375
0 0.06171875 0.451171875 0.0609375 0.17734375
0 0.23125 0.41640625 0.040625 0.0828125
0 0.451171875 0.39375 0.02734375 0.034375
0 0.33203125 0.46328125 0.0828125 0.2109375
0 0.06171875 0.451171875 0.0609375 0.17734375
0 0.23125 0.41640625 0.040625 0.0828125
0 0.451171875 0.39375 0.02734375 0.034375
0 0.33203125 0.46328125 0.0828125 0.2109375
0 0.06171875 0.451171875 0.0609375 0.17734375
0 0.23125 0.41640625 0.040625 0.0828125
0 0.451171875 0.39375 0.02734375 0.034375
0 0.33203125 0.46328125 0.0828125 0.2109375
0 0.06171875 0.451171875 0.0609375 0.17734375
0 0.23125 0.41640625 0.040625 0.0828125
0 0.451171875 0.39375 0.02734375 0.034375
0 0.33203125 0.46328125 0.0828125 0.2109375
0 0.06171875 0.451171875 0.0609375 0.17734375
0 0.23125 0.41640625 0.040625 0.0828125
0 0.451171875 0.39375 0.02734375 0.034375
