0 0.06328125 0.432421875 0.0859375 0.14921875
0 0.3078125 0.47734375 0.0875 0.2796875
0 0.540625 0.439453125 0.078125 0.15703125
0 0.06328125 0.432421875 0.0859375 0.14921875
0 0.3078125 0.47734375 0.0875 0.2796875
0 0.540625 0.439453125 0.078125 0.15703125
0 0.06328125 0.432421875 0.0859375 0.14921875
0 0.3078125 0.47734375 0.0875 0.2796875
0 0.540625 0.439453125 0.078125 0.15703125
0 0.06328125 0.432421875 0.0859375 0.14921875
0 0.3078125 0.47734375 0.0875 0.2796875
0 0.540625 0.439453125 0.078125 0.15703125
0 0.06328125 0.432421875 0.0859375 0.14921875
0 0.3078125 0.47734375 0.0875 0.2796875
0 0.540625 0.439453125 0.078125 0.15703125
0 0.06328125 0.432421875 0.0859375 0.14921875
0 0.3078125 0.47734375 0.0875 0.2796875
0 0.540625 0.439453125 0.078125 0.15703125
0 0.06328125 0.432421875 0.0859375 0.14921875
0 0.3078125 0.47734375 0.0875 0.2796875
0 0.540625 0.439453125 0.078125 0.15703125
0 0.06328125 0.432421875 0.0859375 0.14921875
0 0.3078125 0.47734375 0.0875 0.2796875
0 0.540625 0.439453125 0.078125 0.15703125
0 0.06328125 0.432421875 0.0859375 0.14921875
0 0.3078125 0.47734375 0.0875 0.2796875
0 0.540625 0.439453125 0.078125 0.15703125
0 0.06328125 0.432421875 0.0859375 0.14921875
0 0.3078125 0.47734375 0.0875 0.2796875
0 0.540625 0.439453125 0.078125 0.15703125
