0 0.423828125 0.4546875 0.01640625 0.084375
0 0.489453125 0.45078125 0.01640625 0.0671875
0 0.578125 0.4609375 0.025 0.090625
0 0.423828125 0.4546875 0.01640625 0.084375
0 0.489453125 0.45078125 0.01640625 0.0671875
0 0.578125 0.4609375 0.025 0.090625
0 0.423828125 0.4546875 0.01640625 0.084375
0 0.489453125 0.45078125 0.01640625 0.0671875
0 0.578125 0.4609375 0.025 0.090625
0 0.423828125 0.4546875 0.01640625 0.084375
0 0.489453125 0.45078125 0.01640625 0.0671875
0 0.578125 0.4609375 0.025 0.090625
0 0.423828125 0.4546875 0.01640625 0.084375
0 0.489453125 0.45078125 0.01640625 0.0671875
0 0.578125 0.4609375 0.025 0.090625
0 0.423828125 0.4546875 0.01640625 0.084375
0 0.489453125 0.45078125 0.01640625 0.0671875
0 0.578125 0.4609375 0.025 0.090625
0 0.423828125 0.4546875 0.01640625 0.084375
0 0.489453125 0.45078125 0.01640625 0.0671875
0 0.578125 0.4609375 0.025 0.090625
0 0.423828125 0.4546875 0.01640625 0.084375
0 0.489453125 0.45078125 0.01640625 0.0671875
0 0.578125 0.4609375 0.025 0.090625
0 0.423828125 0.4546875 0.01640625 0.084375
0 0.489453125 0.45078125 0.01640625 0.0671875
0 0.578125 0.4609375 0.025 0.090625
0 0.423828125 0.4546875 0.01640625 0.084375
0 0.489453125 0.45078125 0.01640625 0.0671875
0 0.578125 0.4609375 0.025 0.090625
