0 0.497265625 0.587890625 0.10078125 0.38203125
0 0.212890625 0.47265625 0.03203125 0.1234375
0 0.497265625 0.587890625 0.10078125 0.38203125
0 0.212890625 0.47265625 0.03203125 0.1234375
0 0.497265625 0.587890625 0.10078125 0.38203125
0 0.212890625 0.47265625 0.03203125 0.1234375
0 0.497265625 0.587890625 0.10078125 0.38203125
0 0.212890625 0.47265625 0.03203125 0.1234375
0 0.497265625 0.587890625 0.10078125 0.38203125
0 0.212890625 0.47265625 0.03203125 0.1234375
0 0.497265625 0.587890625 0.10078125 0.38203125
0 0.212890625 0.47265625 0.03203125 0.1234375
0 0.497265625 0.587890625 0.10078125 0.38203125
0 0.212890625 0.47265625 0.03203125 0.1234375
0 0.497265625 0.587890625 0.10078125 0.38203125
0 0.212890625 0.47265625 0.03203125 0.1234375
0 0.497265625 0.587890625 0.10078125 0.38203125
0 0.212890625 0.47265625 0.03203125 0.1234375
0 0.497265625 0.587890625 0.10078125 0.38203125
0 0.212890625 0.47265625 0.03203125 0.1234375
