0 0.486328125 0.617578125 0.12265625 0.42890625
0 0.69765625 0.31015625 0.0109375 0.0234375
0 0.486328125 0.617578125 0.12265625 0.42890625
0 0.69765625 0.31015625 0.0109375 0.0234375
0 0.486328125 0.617578125 0.12265625 0.42890625
0 0.69765625 0.31015625 0.0109375 0.0234375
0 0.486328125 0.617578125 0.12265625 0.42890625
0 0.69765625 0.31015625 0.0109375 0.0234375
0 0.486328125 0.617578125 0.12265625 0.42890625
0 0.69765625 0.31015625 0.0109375 0.0234375
0 0.486328125 0.617578125 0.12265625 0.42890625
0 0.69765625 0.31015625 0.0109375 0.0234375
0 0.486328125 0.617578125 0.12265625 0.42890625
0 0.69765625 0.31015625 0.0109375 0.0234375
0 0.486328125 0.617578125 0.12265625 0.42890625
0 0.69765625 0.31015625 0.0109375 0.0234375
0 0.486328125 0.617578125 0.12265625 0.42890625
0 0.69765625 0.31015625 0.0109375 0.0234375
0 0.486328125 0.617578125 0.12265625 0.42890625
0 0.69765625 0.31015625 0.0109375 0.0234375
