0 0.509765625 0.590234375 0.11640625 0.39296875
0 0.423046875 0.457421875 0.02734375 0.08671875
0 0.509765625 0.590234375 0.11640625 0.39296875
0 0.423046875 0.457421875 0.02734375 0.08671875
0 0.509765625 0.590234375 0.11640625 0.39296875
0 0.423046875 0.457421875 0.02734375 0.08671875
0 0.509765625 0.590234375 0.11640625 0.39296875
0 0.423046875 0.457421875 0.02734375 0.08671875
0 0.509765625 0.590234375 0.11640625 0.39296875
0 0.423046875 0.457421875 0.02734375 0.08671875
0 0.509765625 0.590234375 0.11640625 0.39296875
0 0.423046875 0.457421875 0.02734375 0.08671875
0 0.509765625 0.590234375 0.11640625 0.39296875
0 0.423046875 0.457421875 0.02734375 0.08671875
0 0.509765625 0.590234375 0.11640625 0.39296875
0 0.423046875 0.457421875 0.02734375 0.08671875
0 0.509765625 0.590234375 0.11640625 0.39296875
0 0.423046875 0.457421875 0.02734375 0.08671875
0 0.509765625 0.590234375 0.11640625 0.39296875
0 0.423046875 0.457421875 0.02734375 0.08671875
