0 0.503125 0.5796875 0.084375 0.328125
0 0.91484375 0.4796875 0.0921875 0.1
0 0.503125 0.5796875 0.084375 0.328125
0 0.91484375 0.4796875 0.0921875 0.1
0 0.503125 0.5796875 0.084375 0.328125
0 0.91484375 0.4796875 0.0921875 0.1
0 0.503125 0.5796875 0.084375 0.328125
0 0.91484375 0.4796875 0.0921875 0.1
0 0.503125 0.5796875 0.084375 0.328125
0 0.91484375 0.4796875 0.0921875 0.1
0 0.503125 0.5796875 0.084375 0.328125
0 0.91484375 0.4796875 0.0921875 0.1
0 0.503125 0.5796875 0.084375 0.328125
0 0.91484375 0.4796875 0.0921875 0.1
0 0.503125 0.5796875 0.084375 0.328125
0 0.91484375 0.4796875 0.0921875 0.1
0 0.503125 0.5796875 0.084375 0.328125
0 0.91484375 0.4796875 0.0921875 0.1
0 0.503125 0.5796875 0.084375 0.328125
0 0.91484375 0.4796875 0.0921875 0.1
