0 0.5171875 0.605859375 0.109375 0.42421875
0 0.726171875 0.3046875 0.01171875 0.028125
0 0.5171875 0.605859375 0.109375 0.42421875
0 0.726171875 0.3046875 0.01171875 0.028125
0 0.5171875 0.605859375 0.109375 0.42421875
0 0.726171875 0.3046875 0.01171875 0.028125
0 0.5171875 0.605859375 0.109375 0.42421875
0 0.726171875 0.3046875 0.01171875 0.028125
0 0.5171875 0.605859375 0.109375 0.42421875
0 0.726171875 0.3046875 0.01171875 0.028125
0 0.5171875 0.605859375 0.109375 0.42421875
0 0.726171875 0.3046875 0.01171875 0.028125
0 0.5171875 0.605859375 0.109375 0.42421875
0 0.726171875 0.3046875 0.01171875 0.028125
0 0.5171875 0.605859375 0.109375 0.42421875
0 0.726171875 0.3046875 0.01171875 0.028125
0 0.5171875 0.605859375 0.109375 0.42421875
0 0.726171875 0.3046875 0.01171875 0.028125
0 0.5171875 0.605859375 0.109375 0.42421875
0 0.726171875 0.3046875 0.01171875 0.028125
