0 0.484765625 0.605078125 0.10703125 0.44140625
0 0.084765625 0.208203125 0.02890625 0.04140625
0 0.484765625 0.605078125 0.10703125 0.44140625
0 0.084765625 0.208203125 0.02890625 0.04140625
0 0.484765625 0.605078125 0.10703125 0.44140625
0 0.084765625 0.208203125 0.02890625 0.04140625
0 0.484765625 0.605078125 0.10703125 0.44140625
0 0.084765625 0.208203125 0.02890625 0.04140625
0 0.484765625 0.605078125 0.10703125 0.44140625
0 0.084765625 0.208203125 0.02890625 0.04140625
0 0.484765625 0.605078125 0.10703125 0.44140625
0 0.084765625 0.208203125 0.02890625 0.04140625
0 0.484765625 0.605078125 0.10703125 0.44140625
0 0.084765625 0.208203125 0.02890625 0.04140625
0 0.484765625 0.605078125 0.10703125 0.44140625
0 0.084765625 0.208203125 0.02890625 0.04140625
0 0.484765625 0.605078125 0.10703125 0.44140625
0 0.084765625 0.208203125 0.02890625 0.04140625
0 0.484765625 0.605078125 0.10703125 0.44140625
0 0.084765625 0.208203125 0.02890625 0.04140625
