0 0.491796875 0.605078125 0.13046875 0.41328125
0 0.48828125 0.341796875 0.0078125 0.01796875
0 0.491796875 0.605078125 0.13046875 0.41328125
0 0.48828125 0.341796875 0.0078125 0.01796875
0 0.491796875 0.605078125 0.13046875 0.41328125
0 0.48828125 0.341796875 0.0078125 0.01796875
0 0.491796875 0.605078125 0.13046875 0.41328125
0 0.48828125 0.341796875 0.0078125 0.01796875
0 0.491796875 0.605078125 0.13046875 0.41328125
0 0.48828125 0.341796875 0.0078125 0.01796875
0 0.491796875 0.605078125 0.13046875 0.41328125
0 0.48828125 0.341796875 0.0078125 0.01796875
0 0.491796875 0.605078125 0.13046875 0.41328125
0 0.48828125 0.341796875 0.0078125 0.01796875
0 0.491796875 0.605078125 0.13046875 0.41328125
0 0.48828125 0.341796875 0.0078125 0.01796875
0 0.491796875 0.605078125 0.13046875 0.41328125
0 0.48828125 0.341796875 0.0078125 0.01796875
0 0.491796875 0.605078125 0.13046875 0.41328125
0 0.48828125 0.341796875 0.0078125 0.01796875
