0 0.495703125 0.5796875 0.08515625 0.315625
0 0.090234375 0.490625 0.06484375 0.153125
0 0.495703125 0.5796875 0.08515625 0.315625
0 0.090234375 0.490625 0.06484375 0.153125
0 0.495703125 0.5796875 0.08515625 0.315625
0 0.090234375 0.490625 0.06484375 0.153125
0 0.495703125 0.5796875 0.08515625 0.315625
0 0.090234375 0.490625 0.06484375 0.153125
0 0.495703125 0.5796875 0.08515625 0.315625
0 0.090234375 0.490625 0.06484375 0.153125
0 0.495703125 0.5796875 0.08515625 0.315625
0 0.090234375 0.490625 0.06484375 0.153125
0 0.495703125 0.5796875 0.08515625 0.315625
0 0.090234375 0.490625 0.06484375 0.153125
0 0.495703125 0.5796875 0.08515625 0.315625
0 0.090234375 0.490625 0.06484375 0.153125
0 0.495703125 0.5796875 0.08515625 0.315625
0 0.090234375 0.490625 0.06484375 0.153125
0 0.495703125 0.5796875 0.08515625 0.315625
0 0.090234375 0.490625 0.06484375 0.153125
