0 0.4875 0.6234375 0.1125 0.440625
0 0.7171875 0.306640625 0.0125 0.02578125
0 0.4875 0.6234375 0.1125 0.440625
0 0.7171875 0.306640625 0.0125 0.02578125
0 0.4875 0.6234375 0.1125 0.440625
0 0.7171875 0.306640625 0.0125 0.02578125
0 0.4875 0.6234375 0.1125 0.440625
0 0.7171875 0.306640625 0.0125 0.02578125
0 0.4875 0.6234375 0.1125 0.440625
0 0.7171875 0.306640625 0.0125 0.02578125
0 0.4875 0.6234375 0.1125 0.440625
0 0.7171875 0.306640625 0.0125 0.02578125
0 0.4875 0.6234375 0.1125 0.440625
0 0.7171875 0.306640625 0.0125 0.02578125
0 0.4875 0.6234375 0.1125 0.440625
0 0.7171875 0.306640625 0.0125 0.02578125
0 0.4875 0.6234375 0.1125 0.440625
0 0.7171875 0.306640625 0.0125 0.02578125
0 0.4875 0.6234375 0.1125 0.440625
0 0.7171875 0.306640625 0.0125 0.02578125
