0 0.514453125 0.613671875 0.10390625 0.38671875
0 0.5125 0.353515625 0.00625 0.01640625
0 0.514453125 0.613671875 0.10390625 0.38671875
0 0.5125 0.353515625 0.00625 0.01640625
0 0.514453125 0.613671875 0.10390625 0.38671875
0 0.5125 0.353515625 0.00625 0.01640625
0 0.514453125 0.613671875 0.10390625 0.38671875
0 0.5125 0.353515625 0.00625 0.01640625
0 0.514453125 0.613671875 0.10390625 0.38671875
0 0.5125 0.353515625 0.00625 0.01640625
0 0.514453125 0.613671875 0.10390625 0.38671875
0 0.5125 0.353515625 0.00625 0.01640625
0 0.514453125 0.613671875 0.10390625 0.38671875
0 0.5125 0.353515625 0.00625 0.01640625
0 0.514453125 0.613671875 0.10390625 0.38671875
0 0.5125 0.353515625 0.00625 0.01640625
0 0.514453125 0.613671875 0.10390625 0.38671875
0 0.5125 0.353515625 0.00625 0.01640625
0 0.514453125 0.613671875 0.10390625 0.38671875
0 0.5125 0.353515625 0.00625 0.01640625
