0 0.498828125 0.588671875 0.11953125 0.36484375
0 0.41953125 0.47578125 0.0296875 0.0703125
0 0.253125 0.476953125 0.01875 0.07265625
0 0.498828125 0.588671875 0.11953125 0.36484375
0 0.41953125 0.47578125 0.0296875 0.0703125
0 0.253125 0.476953125 0.01875 0.07265625
0 0.498828125 0.588671875 0.11953125 0.36484375
0 0.41953125 0.47578125 0.0296875 0.0703125
0 0.253125 0.476953125 0.01875 0.07265625
0 0.498828125 0.588671875 0.11953125 0.36484375
0 0.41953125 0.47578125 0.0296875 0.0703125
0 0.253125 0.476953125 0.01875 0.07265625
0 0.498828125 0.588671875 0.11953125 0.36484375
0 0.41953125 0.47578125 0.0296875 0.0703125
0 0.253125 0.476953125 0.01875 0.07265625
0 0.498828125 0.588671875 0.11953125 0.36484375
0 0.41953125 0.47578125 0.0296875 0.0703125
0 0.253125 0.476953125 0.01875 0.07265625
0 0.498828125 0.588671875 0.11953125 0.36484375
0 0.41953125 0.47578125 0.0296875 0.0703125
0 0.253125 0.476953125 0.01875 0.07265625
0 0.498828125 0.588671875 0.11953125 0.36484375
0 0.41953125 0.47578125 0.0296875 0.0703125
0 0.253125 0.476953125 0.01875 0.07265625
0 0.498828125 0.588671875 0.11953125 0.36484375
0 0.41953125 0.47578125 0.0296875 0.0703125
0 0.253125 0.476953125 0.01875 0.07265625
0 0.498828125 0.588671875 0.11953125 0.36484375
0 0.41953125 0.47578125 0.0296875 0.0703125
0 0.253125 0.476953125 0.01875 0.07265625
