0 0.500390625 0.588671875 0.11953125 0.36484375
0 0.58046875 0.47578125 0.0296875 0.0703125
0 0.7484375 0.476953125 0.01875 0.07265625
0 0.500390625 0.588671875 0.11953125 0.36484375
0 0.58046875 0.47578125 0.0296875 0.0703125
0 0.7484375 0.476953125 0.01875 0.07265625
0 0.500390625 0.588671875 0.11953125 0.36484375
0 0.58046875 0.47578125 0.0296875 0.0703125
0 0.7484375 0.476953125 0.01875 0.07265625
0 0.500390625 0.588671875 0.11953125 0.36484375
0 0.58046875 0.47578125 0.0296875 0.0703125
0 0.7484375 0.476953125 0.01875 0.07265625
0 0.500390625 0.588671875 0.11953125 0.36484375
0 0.58046875 0.47578125 0.0296875 0.0703125
0 0.7484375 0.476953125 0.01875 0.07265625
0 0.500390625 0.588671875 0.11953125 0.36484375
0 0.58046875 0.47578125 0.0296875 0.0703125
0 0.7484375 0.476953125 0.01875 0.07265625
0 0.500390625 0.588671875 0.11953125 0.36484375
0 0.58046875 0.47578125 0.0296875 0.0703125
0 0.7484375 0.476953125 0.01875 0.07265625
0 0.500390625 0.588671875 0.11953125 0.36484375
0 0.58046875 0.47578125 0.0296875 0.0703125
0 0.7484375 0.476953125 0.01875 0.07265625
0 0.500390625 0.588671875 0.11953125 0.36484375
0 0.58046875 0.47578125 0.0296875 0.0703125
0 0.7484375 0.476953125 0.01875 0.07265625
0 0.500390625 0.588671875 0.11953125 0.36484375
0 0.58046875 0.47578125 0.0296875 0.0703125
0 0.7484375 0.476953125 0.01875 0.07265625
