0 0.509375 0.468359375 0.009375 0.01796875
0 0.485546875 0.504296875 0.01484375 0.05546875
0 0.34921875 0.491015625 0.0078125 0.01953125
0 0.262109375 0.501953125 0.00546875 0.05703125
0 0.25625 0.50234375 0.00625 0.0546875
0 0.247265625 0.503125 0.01015625 0.05625
0 0.117578125 0.4921875 0.04765625 0.075
0 0.509375 0.468359375 0.009375 0.01796875
0 0.485546875 0.504296875 0.01484375 0.05546875
0 0.34921875 0.491015625 0.0078125 0.01953125
0 0.262109375 0.501953125 0.00546875 0.05703125
0 0.25625 0.50234375 0.00625 0.0546875
0 0.247265625 0.503125 0.01015625 0.05625
0 0.117578125 0.4921875 0.04765625 0.075
0 0.509375 0.468359375 0.009375 0.01796875
0 0.485546875 0.504296875 0.01484375 0.05546875
0 0.34921875 0.491015625 0.0078125 0.01953125
0 0.262109375 0.501953125 0.00546875 0.05703125
0 0.25625 0.50234375 0.00625 0.0546875
0 0.247265625 0.503125 0.01015625 0.05625
0 0.117578125 0.4921875 0.04765625 0.075
0 0.509375 0.468359375 0.009375 0.01796875
0 0.485546875 0.504296875 0.01484375 0.05546875
0 0.34921875 0.491015625 0.0078125 0.01953125
0 0.262109375 0.501953125 0.00546875 0.05703125
0 0.25625 0.50234375 0.00625 0.0546875
0 0.247265625 0.503125 0.01015625 0.05625
0 0.117578125 0.4921875 0.04765625 0.075
0 0.509375 0.468359375 0.009375 0.01796875
0 0.485546875 0.504296875 0.01484375 0.05546875
0 0.34921875 0.491015625 0.0078125 0.01953125
0 0.262109375 0.501953125 0.00546875 0.05703125
0 0.25625 0.50234375 0.00625 0.0546875
0 0.247265625 0.503125 0.01015625 0.05625
0 0.117578125 0.4921875 0.04765625 0.075
0 0.509375 0.468359375 0.009375 0.01796875
0 0.485546875 0.504296875 0.01484375 0.05546875
0 0.34921875 0.491015625 0.0078125 0.01953125
0 0.262109375 0.501953125 0.00546875 0.05703125
0 0.25625 0.50234375 0.00625 0.0546875
0 0.247265625 0.503125 0.01015625 0.05625
0 0.117578125 0.4921875 0.04765625 0.075
0 0.509375 0.468359375 0.009375 0.01796875
0 0.485546875 0.504296875 0.01484375 0.05546875
0 0.34921875 0.491015625 0.0078125 0.01953125
0 0.262109375 0.501953125 0.00546875 0.05703125
0 0.25625 0.50234375 0.00625 0.0546875
0 0.247265625 0.503125 0.01015625 0.05625
0 0.117578125 0.4921875 0.04765625 0.075
0 0.509375 0.468359375 0.009375 0.01796875
0 0.485546875 0.504296875 0.01484375 0.05546875
0 0.34921875 0.491015625 0.0078125 0.01953125
0 0.262109375 0.501953125 0.00546875 0.05703125
0 0.25625 0.50234375 0.00625 0.0546875
0 0.247265625 0.503125 0.01015625 0.05625
0 0.117578125 0.4921875 0.04765625 0.075
0 0.509375 0.468359375 0.009375 0.01796875
0 0.485546875 0.504296875 0.01484375 0.05546875
0 0.34921875 0.491015625 0.0078125 0.01953125
0 0.262109375 0.501953125 0.00546875 0.05703125
0 0.25625 0.50234375 0.00625 0.0546875
0 0.247265625 0.503125 0.01015625 0.05625
0 0.117578125 0.4921875 0.04765625 0.075
0 0.509375 0.468359375 0.009375 0.01796875
0 0.485546875 0.504296875 0.01484375 0.05546875
0 0.34921875 0.491015625 0.0078125 0.01953125
0 0.262109375 0.501953125 0.00546875 0.05703125
0 0.25625 0.50234375 0.00625 0.0546875
0 0.247265625 0.503125 0.01015625 0.05625
0 0.117578125 0.4921875 0.04765625 0.075
