0 0.49375 0.6078125 0.1125 0.41875
0 0.50546875 0.352734375 0.0046875 0.01484375
0 0.49375 0.6078125 0.1125 0.41875
0 0.50546875 0.352734375 0.0046875 0.01484375
0 0.49375 0.6078125 0.1125 0.41875
0 0.50546875 0.352734375 0.0046875 0.01484375
0 0.49375 0.6078125 0.1125 0.41875
0 0.50546875 0.352734375 0.0046875 0.01484375
0 0.49375 0.6078125 0.1125 0.41875
0 0.50546875 0.352734375 0.0046875 0.01484375
0 0.49375 0.6078125 0.1125 0.41875
0 0.50546875 0.352734375 0.0046875 0.01484375
0 0.49375 0.6078125 0.1125 0.41875
0 0.50546875 0.352734375 0.0046875 0.01484375
0 0.49375 0.6078125 0.1125 0.41875
0 0.50546875 0.352734375 0.0046875 0.01484375
0 0.49375 0.6078125 0.1125 0.41875
0 0.50546875 0.352734375 0.0046875 0.01484375
0 0.49375 0.6078125 0.1125 0.41875
0 0.50546875 0.352734375 0.0046875 0.01484375
