0 0.49296875 0.58125 0.0671875 0.315625
0 0.88125 0.485546875 0.040625 0.13359375
0 0.641015625 0.479296875 0.02265625 0.04609375
0 0.49296875 0.58125 0.0671875 0.315625
0 0.88125 0.485546875 0.040625 0.13359375
0 0.641015625 0.479296875 0.02265625 0.04609375
0 0.49296875 0.58125 0.0671875 0.315625
0 0.88125 0.485546875 0.040625 0.13359375
0 0.641015625 0.479296875 0.02265625 0.04609375
0 0.49296875 0.58125 0.0671875 0.315625
0 0.88125 0.485546875 0.040625 0.13359375
0 0.641015625 0.479296875 0.02265625 0.04609375
0 0.49296875 0.58125 0.0671875 0.315625
0 0.88125 0.485546875 0.040625 0.13359375
0 0.641015625 0.479296875 0.02265625 0.04609375
0 0.49296875 0.58125 0.0671875 0.315625
0 0.88125 0.485546875 0.040625 0.13359375
0 0.641015625 0.479296875 0.02265625 0.04609375
0 0.49296875 0.58125 0.0671875 0.315625
0 0.88125 0.485546875 0.040625 0.13359375
0 0.641015625 0.479296875 0.02265625 0.04609375
0 0.49296875 0.58125 0.0671875 0.315625
0 0.88125 0.485546875 0.040625 0.13359375
0 0.641015625 0.479296875 0.02265625 0.04609375
0 0.49296875 0.58125 0.0671875 0.315625
0 0.88125 0.485546875 0.040625 0.13359375
0 0.641015625 0.479296875 0.02265625 0.04609375
0 0.49296875 0.58125 0.0671875 0.315625
0 0.88125 0.485546875 0.040625 0.13359375
0 0.641015625 0.479296875 0.02265625 0.04609375
