0 0.404296875 0.544921875 0.06796875 0.31796875
0 0.452734375 0.477734375 0.03046875 0.12734375
0 0.523828125 0.46953125 0.02578125 0.0953125
0 0.56796875 0.4796875 0.0296875 0.115625
0 0.59453125 0.4578125 0.0140625 0.0875
0 0.49609375 0.450390625 0.0109375 0.03828125
0 0.404296875 0.544921875 0.06796875 0.31796875
0 0.452734375 0.477734375 0.03046875 0.12734375
0 0.523828125 0.46953125 0.02578125 0.0953125
0 0.56796875 0.4796875 0.0296875 0.115625
0 0.59453125 0.4578125 0.0140625 0.0875
0 0.49609375 0.450390625 0.0109375 0.03828125
0 0.404296875 0.544921875 0.06796875 0.31796875
0 0.452734375 0.477734375 0.03046875 0.12734375
0 0.523828125 0.46953125 0.02578125 0.0953125
0 0.56796875 0.4796875 0.0296875 0.115625
0 0.59453125 0.4578125 0.0140625 0.0875
0 0.49609375 0.450390625 0.0109375 0.03828125
0 0.404296875 0.544921875 0.06796875 0.31796875
0 0.452734375 0.477734375 0.03046875 0.12734375
0 0.523828125 0.46953125 0.02578125 0.0953125
0 0.56796875 0.4796875 0.0296875 0.115625
0 0.59453125 0.4578125 0.0140625 0.0875
0 0.49609375 0.450390625 0.0109375 0.03828125
0 0.404296875 0.544921875 0.06796875 0.31796875
0 0.452734375 0.477734375 0.03046875 0.12734375
0 0.523828125 0.46953125 0.02578125 0.0953125
0 0.56796875 0.4796875 0.0296875 0.115625
0 0.59453125 0.4578125 0.0140625 0.0875
0 0.49609375 0.450390625 0.0109375 0.03828125
0 0.404296875 0.544921875 0.06796875 0.31796875
0 0.452734375 0.477734375 0.03046875 0.12734375
0 0.523828125 0.46953125 0.02578125 0.0953125
0 0.56796875 0.4796875 0.0296875 0.115625
0 0.59453125 0.4578125 0.0140625 0.0875
0 0.49609375 0.450390625 0.0109375 0.03828125
0 0.404296875 0.544921875 0.06796875 0.31796875
0 0.452734375 0.477734375 0.03046875 0.12734375
0 0.523828125 0.46953125 0.02578125 0.0953125
0 0.56796875 0.4796875 0.0296875 0.115625
0 0.59453125 0.4578125 0.0140625 0.0875
0 0.49609375 0.450390625 0.0109375 0.03828125
0 0.404296875 0.544921875 0.06796875 0.31796875
0 0.452734375 0.477734375 0.03046875 0.12734375
0 0.523828125 0.46953125 0.02578125 0.0953125
0 0.56796875 0.4796875 0.0296875 0.115625
0 0.59453125 0.4578125 0.0140625 0.0875
0 0.49609375 0.450390625 0.0109375 0.03828125
0 0.404296875 0.544921875 0.06796875 0.31796875
0 0.452734375 0.477734375 0.03046875 0.12734375
0 0.523828125 0.46953125 0.02578125 0.0953125
0 0.56796875 0.4796875 0.0296875 0.115625
0 0.59453125 0.4578125 0.0140625 0.0875
0 0.49609375 0.450390625 0.0109375 0.03828125
0 0.404296875 0.544921875 0.06796875 0.31796875
0 0.452734375 0.477734375 0.03046875 0.12734375
0 0.523828125 0.46953125 0.02578125 0.0953125
0 0.56796875 0.4796875 0.0296875 0.115625
0 0.59453125 0.4578125 0.0140625 0.0875
0 0.49609375 0.450390625 0.0109375 0.03828125
