0 0.6 0.518359375 0.1 0.32421875
0 0.39765625 0.494921875 0.0796875 0.31171875
0 0.326953125 0.5203125 0.06328125 0.34375
0 0.255859375 0.561328125 0.14609375 0.44765625
0 0.6 0.518359375 0.1 0.32421875
0 0.39765625 0.494921875 0.0796875 0.31171875
0 0.326953125 0.5203125 0.06328125 0.34375
0 0.255859375 0.561328125 0.14609375 0.44765625
0 0.6 0.518359375 0.1 0.32421875
0 0.39765625 0.494921875 0.0796875 0.31171875
0 0.326953125 0.5203125 0.06328125 0.34375
0 0.255859375 0.561328125 0.14609375 0.44765625
0 0.6 0.518359375 0.1 0.32421875
0 0.39765625 0.494921875 0.0796875 0.31171875
0 0.326953125 0.5203125 0.06328125 0.34375
0 0.255859375 0.561328125 0.14609375 0.44765625
0 0.6 0.518359375 0.1 0.32421875
0 0.39765625 0.494921875 0.0796875 0.31171875
0 0.326953125 0.5203125 0.06328125 0.34375
0 0.255859375 0.561328125 0.14609375 0.44765625
0 0.6 0.518359375 0.1 0.32421875
0 0.39765625 0.494921875 0.0796875 0.31171875
0 0.326953125 0.5203125 0.06328125 0.34375
0 0.255859375 0.561328125 0.14609375 0.44765625
0 0.6 0.518359375 0.1 0.32421875
0 0.39765625 0.494921875 0.0796875 0.31171875
0 0.326953125 0.5203125 0.06328125 0.34375
0 0.255859375 0.561328125 0.14609375 0.44765625
0 0.6 0.518359375 0.1 0.32421875
0 0.39765625 0.494921875 0.0796875 0.31171875
0 0.326953125 0.5203125 0.06328125 0.34375
0 0.255859375 0.561328125 0.14609375 0.44765625
0 0.6 0.518359375 0.1 0.32421875
0 0.39765625 0.494921875 0.0796875 0.31171875
0 0.326953125 0.5203125 0.06328125 0.34375
0 0.255859375 0.561328125 0.14609375 0.44765625
0 0.6 0.518359375 0.1 0.32421875
0 0.39765625 0.494921875 0.0796875 0.31171875
0 0.326953125 0.5203125 0.06328125 0.34375
0 0.255859375 0.561328125 0.14609375 0.44765625
