0 0.6765625 0.59921875 0.13125 0.4578125
0 0.555078125 0.393359375 0.04765625 0.18046875
0 0.510546875 0.39609375 0.03671875 0.1671875
0 0.427734375 0.3453125 0.01171875 0.053125
0 0.6765625 0.59921875 0.13125 0.4578125
0 0.555078125 0.393359375 0.04765625 0.18046875
0 0.510546875 0.39609375 0.03671875 0.1671875
0 0.427734375 0.3453125 0.01171875 0.053125
0 0.6765625 0.59921875 0.13125 0.4578125
0 0.555078125 0.393359375 0.04765625 0.18046875
0 0.510546875 0.39609375 0.03671875 0.1671875
0 0.427734375 0.3453125 0.01171875 0.053125
0 0.6765625 0.59921875 0.13125 0.4578125
0 0.555078125 0.393359375 0.04765625 0.18046875
0 0.510546875 0.39609375 0.03671875 0.1671875
0 0.427734375 0.3453125 0.01171875 0.053125
0 0.6765625 0.59921875 0.13125 0.4578125
0 0.555078125 0.393359375 0.04765625 0.18046875
0 0.510546875 0.39609375 0.03671875 0.1671875
0 0.427734375 0.3453125 0.01171875 0.053125
0 0.6765625 0.59921875 0.13125 0.4578125
0 0.555078125 0.393359375 0.04765625 0.18046875
0 0.510546875 0.39609375 0.03671875 0.1671875
0 0.427734375 0.3453125 0.01171875 0.053125
0 0.6765625 0.59921875 0.13125 0.4578125
0 0.555078125 0.393359375 0.04765625 0.18046875
0 0.510546875 0.39609375 0.03671875 0.1671875
0 0.427734375 0.3453125 0.01171875 0.053125
0 0.6765625 0.59921875 0.13125 0.4578125
0 0.555078125 0.393359375 0.04765625 0.18046875
0 0.510546875 0.39609375 0.03671875 0.1671875
0 0.427734375 0.3453125 0.01171875 0.053125
0 0.6765625 0.59921875 0.13125 0.4578125
0 0.555078125 0.393359375 0.04765625 0.18046875
0 0.510546875 0.39609375 0.03671875 0.1671875
0 0.427734375 0.3453125 0.01171875 0.053125
0 0.6765625 0.59921875 0.13125 0.4578125
0 0.555078125 0.393359375 0.04765625 0.18046875
0 0.510546875 0.39609375 0.03671875 0.1671875
0 0.427734375 0.3453125 0.01171875 0.053125
