0 0.504296875 0.591796875 0.10546875 0.40546875
0 0.387109375 0.462890625 0.02421875 0.07265625
0 0.504296875 0.591796875 0.10546875 0.40546875
0 0.387109375 0.462890625 0.02421875 0.07265625
0 0.504296875 0.591796875 0.10546875 0.40546875
0 0.387109375 0.462890625 0.02421875 0.07265625
0 0.504296875 0.591796875 0.10546875 0.40546875
0 0.387109375 0.462890625 0.02421875 0.07265625
0 0.504296875 0.591796875 0.10546875 0.40546875
0 0.387109375 0.462890625 0.02421875 0.07265625
0 0.504296875 0.591796875 0.10546875 0.40546875
0 0.387109375 0.462890625 0.02421875 0.07265625
0 0.504296875 0.591796875 0.10546875 0.40546875
0 0.387109375 0.462890625 0.02421875 0.07265625
0 0.504296875 0.591796875 0.10546875 0.40546875
0 0.387109375 0.462890625 0.02421875 0.07265625
0 0.504296875 0.591796875 0.10546875 0.40546875
0 0.387109375 0.462890625 0.02421875 0.07265625
0 0.504296875 0.591796875 0.10546875 0.40546875
0 0.387109375 0.462890625 0.02421875 0.07265625
