0 0.501953125 0.61015625 0.09140625 0.4015625
0 0.160546875 0.27109375 0.01796875 0.0328125
0 0.501953125 0.61015625 0.09140625 0.4015625
0 0.160546875 0.27109375 0.01796875 0.0328125
0 0.501953125 0.61015625 0.09140625 0.4015625
0 0.160546875 0.27109375 0.01796875 0.0328125
0 0.501953125 0.61015625 0.09140625 0.4015625
0 0.160546875 0.27109375 0.01796875 0.0328125
0 0.501953125 0.61015625 0.09140625 0.4015625
0 0.160546875 0.27109375 0.01796875 0.0328125
0 0.501953125 0.61015625 0.09140625 0.4015625
0 0.160546875 0.27109375 0.01796875 0.0328125
0 0.501953125 0.61015625 0.09140625 0.4015625
0 0.160546875 0.27109375 0.01796875 0.0328125
0 0.501953125 0.61015625 0.09140625 0.4015625
0 0.160546875 0.27109375 0.01796875 0.0328125
0 0.501953125 0.61015625 0.09140625 0.4015625
0 0.160546875 0.27109375 0.01796875 0.0328125
0 0.501953125 0.61015625 0.09140625 0.4015625
0 0.160546875 0.27109375 0.01796875 0.0328125
