0 0.500390625 0.587109375 0.10703125 0.36484375
0 0.571875 0.47734375 0.015625 0.0640625
0 0.500390625 0.587109375 0.10703125 0.36484375
0 0.571875 0.47734375 0.015625 0.0640625
0 0.500390625 0.587109375 0.10703125 0.36484375
0 0.571875 0.47734375 0.015625 0.0640625
0 0.500390625 0.587109375 0.10703125 0.36484375
0 0.571875 0.47734375 0.015625 0.0640625
0 0.500390625 0.587109375 0.10703125 0.36484375
0 0.571875 0.47734375 0.015625 0.0640625
0 0.500390625 0.587109375 0.10703125 0.36484375
0 0.571875 0.47734375 0.015625 0.0640625
0 0.500390625 0.587109375 0.10703125 0.36484375
0 0.571875 0.47734375 0.015625 0.0640625
0 0.500390625 0.587109375 0.10703125 0.36484375
0 0.571875 0.47734375 0.015625 0.0640625
0 0.500390625 0.587109375 0.10703125 0.36484375
0 0.571875 0.47734375 0.015625 0.0640625
0 0.500390625 0.587109375 0.10703125 0.36484375
0 0.571875 0.47734375 0.015625 0.0640625
