0 0.48671875 0.623828125 0.1140625 0.43828125
0 0.096484375 0.235546875 0.02421875 0.04296875
0 0.01015625 0.1984375 0.0203125 0.03125
0 0.48671875 0.623828125 0.1140625 0.43828125
0 0.096484375 0.235546875 0.02421875 0.04296875
0 0.01015625 0.1984375 0.0203125 0.03125
0 0.48671875 0.623828125 0.1140625 0.43828125
0 0.096484375 0.235546875 0.02421875 0.04296875
0 0.01015625 0.1984375 0.0203125 0.03125
0 0.48671875 0.623828125 0.1140625 0.43828125
0 0.096484375 0.235546875 0.02421875 0.04296875
0 0.01015625 0.1984375 0.0203125 0.03125
0 0.48671875 0.623828125 0.1140625 0.43828125
0 0.096484375 0.235546875 0.02421875 0.04296875
0 0.01015625 0.1984375 0.0203125 0.03125
0 0.48671875 0.623828125 0.1140625 0.43828125
0 0.096484375 0.235546875 0.02421875 0.04296875
0 0.01015625 0.1984375 0.0203125 0.03125
0 0.48671875 0.623828125 0.1140625 0.43828125
0 0.096484375 0.235546875 0.02421875 0.04296875
0 0.01015625 0.1984375 0.0203125 0.03125
0 0.48671875 0.623828125 0.1140625 0.43828125
0 0.096484375 0.235546875 0.02421875 0.04296875
0 0.01015625 0.1984375 0.0203125 0.03125
0 0.48671875 0.623828125 0.1140625 0.43828125
0 0.096484375 0.235546875 0.02421875 0.04296875
0 0.01015625 0.1984375 0.0203125 0.03125
0 0.48671875 0.623828125 0.1140625 0.43828125
0 0.096484375 0.235546875 0.02421875 0.04296875
0 0.01015625 0.1984375 0.0203125 0.03125
