0 0.500390625 0.58515625 0.10703125 0.3515625
0 0.422265625 0.479296875 0.01640625 0.06796875
0 0.500390625 0.58515625 0.10703125 0.3515625
0 0.422265625 0.479296875 0.01640625 0.06796875
0 0.500390625 0.58515625 0.10703125 0.3515625
0 0.422265625 0.479296875 0.01640625 0.06796875
0 0.500390625 0.58515625 0.10703125 0.3515625
0 0.422265625 0.479296875 0.01640625 0.06796875
0 0.500390625 0.58515625 0.10703125 0.3515625
0 0.422265625 0.479296875 0.01640625 0.06796875
0 0.500390625 0.58515625 0.10703125 0.3515625
0 0.422265625 0.479296875 0.01640625 0.06796875
0 0.500390625 0.58515625 0.10703125 0.3515625
0 0.422265625 0.479296875 0.01640625 0.06796875
0 0.500390625 0.58515625 0.10703125 0.3515625
0 0.422265625 0.479296875 0.01640625 0.06796875
0 0.500390625 0.58515625 0.10703125 0.3515625
0 0.422265625 0.479296875 0.01640625 0.06796875
0 0.500390625 0.58515625 0.10703125 0.3515625
0 0.422265625 0.479296875 0.01640625 0.06796875
