0 0.494921875 0.596484375 0.09921875 0.38671875
0 0.88203125 0.239453125 0.0234375 0.03203125
0 0.494921875 0.596484375 0.09921875 0.38671875
0 0.88203125 0.239453125 0.0234375 0.03203125
0 0.494921875 0.596484375 0.09921875 0.38671875
0 0.88203125 0.239453125 0.0234375 0.03203125
0 0.494921875 0.596484375 0.09921875 0.38671875
0 0.88203125 0.239453125 0.0234375 0.03203125
0 0.494921875 0.596484375 0.09921875 0.38671875
0 0.88203125 0.239453125 0.0234375 0.03203125
0 0.494921875 0.596484375 0.09921875 0.38671875
0 0.88203125 0.239453125 0.0234375 0.03203125
0 0.494921875 0.596484375 0.09921875 0.38671875
0 0.88203125 0.239453125 0.0234375 0.03203125
0 0.494921875 0.596484375 0.09921875 0.38671875
0 0.88203125 0.239453125 0.0234375 0.03203125
0 0.494921875 0.596484375 0.09921875 0.38671875
0 0.88203125 0.239453125 0.0234375 0.03203125
0 0.494921875 0.596484375 0.09921875 0.38671875
0 0.88203125 0.239453125 0.0234375 0.03203125
