0 0.60859375 0.35625 0.0265625 0.09375
0 0.465234375 0.43828125 0.01484375 0.0609375
0 0.439453125 0.398828125 0.01328125 0.04765625
0 0.256640625 0.38984375 0.04140625 0.0203125
0 0.60859375 0.35625 0.0265625 0.09375
0 0.465234375 0.43828125 0.01484375 0.0609375
0 0.439453125 0.398828125 0.01328125 0.04765625
0 0.256640625 0.38984375 0.04140625 0.0203125
0 0.60859375 0.35625 0.0265625 0.09375
0 0.465234375 0.43828125 0.01484375 0.0609375
0 0.439453125 0.398828125 0.01328125 0.04765625
0 0.256640625 0.38984375 0.04140625 0.0203125
0 0.60859375 0.35625 0.0265625 0.09375
0 0.465234375 0.43828125 0.01484375 0.0609375
0 0.439453125 0.398828125 0.01328125 0.04765625
0 0.256640625 0.38984375 0.04140625 0.0203125
0 0.60859375 0.35625 0.0265625 0.09375
0 0.465234375 0.43828125 0.01484375 0.0609375
0 0.439453125 0.398828125 0.01328125 0.04765625
0 0.256640625 0.38984375 0.04140625 0.0203125
0 0.60859375 0.35625 0.0265625 0.09375
0 0.465234375 0.43828125 0.01484375 0.0609375
0 0.439453125 0.398828125 0.01328125 0.04765625
0 0.256640625 0.38984375 0.04140625 0.0203125
0 0.60859375 0.35625 0.0265625 0.09375
0 0.465234375 0.43828125 0.01484375 0.0609375
0 0.439453125 0.398828125 0.01328125 0.04765625
0 0.256640625 0.38984375 0.04140625 0.0203125
0 0.60859375 0.35625 0.0265625 0.09375
0 0.465234375 0.43828125 0.01484375 0.0609375
0 0.439453125 0.398828125 0.01328125 0.04765625
0 0.256640625 0.38984375 0.04140625 0.0203125
0 0.60859375 0.35625 0.0265625 0.09375
0 0.465234375 0.43828125 0.01484375 0.0609375
0 0.439453125 0.398828125 0.01328125 0.04765625
0 0.256640625 0.38984375 0.04140625 0.0203125
0 0.60859375 0.35625 0.0265625 0.09375
0 0.465234375 0.43828125 0.01484375 0.0609375
0 0.439453125 0.398828125 0.01328125 0.04765625
0 0.256640625 0.38984375 0.04140625 0.0203125
