0 0.378515625 0.380078125 0.05390625 0.18203125
0 0.53671875 0.36875 0.0609375 0.225
0 0.88671875 0.38828125 0.0296875 0.1078125
0 0.378515625 0.380078125 0.05390625 0.18203125
0 0.53671875 0.36875 0.0609375 0.225
0 0.88671875 0.38828125 0.0296875 0.1078125
0 0.378515625 0.380078125 0.05390625 0.18203125
0 0.53671875 0.36875 0.0609375 0.225
0 0.88671875 0.38828125 0.0296875 0.1078125
0 0.378515625 0.380078125 0.05390625 0.18203125
0 0.53671875 0.36875 0.0609375 0.225
0 0.88671875 0.38828125 0.0296875 0.1078125
0 0.378515625 0.380078125 0.05390625 0.18203125
0 0.53671875 0.36875 0.0609375 0.225
0 0.88671875 0.38828125 0.0296875 0.1078125
0 0.378515625 0.380078125 0.05390625 0.18203125
0 0.53671875 0.36875 0.0609375 0.225
0 0.88671875 0.38828125 0.0296875 0.1078125
0 0.378515625 0.380078125 0.05390625 0.18203125
0 0.53671875 0.36875 0.0609375 0.225
0 0.88671875 0.38828125 0.0296875 0.1078125
0 0.378515625 0.380078125 0.05390625 0.18203125
0 0.53671875 0.36875 0.0609375 0.225
0 0.88671875 0.38828125 0.0296875 0.1078125
0 0.378515625 0.380078125 0.05390625 0.18203125
0 0.53671875 0.36875 0.0609375 0.225
0 0.88671875 0.38828125 0.0296875 0.1078125
0 0.378515625 0.380078125 0.05390625 0.18203125
0 0.53671875 0.36875 0.0609375 0.225
0 0.88671875 0.38828125 0.0296875 0.1078125
