0 0.4984375 0.59375 0.090625 0.390625
0 0.080078125 0.21953125 0.02578125 0.0421875
0 0.4984375 0.59375 0.090625 0.390625
0 0.080078125 0.21953125 0.02578125 0.0421875
0 0.4984375 0.59375 0.090625 0.390625
0 0.080078125 0.21953125 0.02578125 0.0421875
0 0.4984375 0.59375 0.090625 0.390625
0 0.080078125 0.21953125 0.02578125 0.0421875
0 0.4984375 0.59375 0.090625 0.390625
0 0.080078125 0.21953125 0.02578125 0.0421875
0 0.4984375 0.59375 0.090625 0.390625
0 0.080078125 0.21953125 0.02578125 0.0421875
0 0.4984375 0.59375 0.090625 0.390625
0 0.080078125 0.21953125 0.02578125 0.0421875
0 0.4984375 0.59375 0.090625 0.390625
0 0.080078125 0.21953125 0.02578125 0.0421875
0 0.4984375 0.59375 0.090625 0.390625
0 0.080078125 0.21953125 0.02578125 0.0421875
0 0.4984375 0.59375 0.090625 0.390625
0 0.080078125 0.21953125 0.02578125 0.0421875
