0 0.32109375 0.419140625 0.0484375 0.15390625
0 0.4484375 0.42890625 0.046875 0.1703125
0 0.32109375 0.419140625 0.0484375 0.15390625
0 0.4484375 0.42890625 0.046875 0.1703125
0 0.32109375 0.419140625 0.0484375 0.15390625
0 0.4484375 0.42890625 0.046875 0.1703125
0 0.32109375 0.419140625 0.0484375 0.15390625
0 0.4484375 0.42890625 0.046875 0.1703125
0 0.32109375 0.419140625 0.0484375 0.15390625
0 0.4484375 0.42890625 0.046875 0.1703125
0 0.32109375 0.419140625 0.0484375 0.15390625
0 0.4484375 0.42890625 0.046875 0.1703125
0 0.32109375 0.419140625 0.0484375 0.15390625
0 0.4484375 0.42890625 0.046875 0.1703125
0 0.32109375 0.419140625 0.0484375 0.15390625
0 0.4484375 0.42890625 0.046875 0.1703125
0 0.32109375 0.419140625 0.0484375 0.15390625
0 0.4484375 0.42890625 0.046875 0.1703125
0 0.32109375 0.419140625 0.0484375 0.15390625
0 0.4484375 0.42890625 0.046875 0.1703125
