0 0.496484375 0.620703125 0.10859375 0.41640625
0 0.7734375 0.296875 0.015625 0.028125
0 0.496484375 0.620703125 0.10859375 0.41640625
0 0.7734375 0.296875 0.015625 0.028125
0 0.496484375 0.620703125 0.10859375 0.41640625
0 0.7734375 0.296875 0.015625 0.028125
0 0.496484375 0.620703125 0.10859375 0.41640625
0 0.7734375 0.296875 0.015625 0.028125
0 0.496484375 0.620703125 0.10859375 0.41640625
0 0.7734375 0.296875 0.015625 0.028125
0 0.496484375 0.620703125 0.10859375 0.41640625
0 0.7734375 0.296875 0.015625 0.028125
0 0.496484375 0.620703125 0.10859375 0.41640625
0 0.7734375 0.296875 0.015625 0.028125
0 0.496484375 0.620703125 0.10859375 0.41640625
0 0.7734375 0.296875 0.015625 0.028125
0 0.496484375 0.620703125 0.10859375 0.41640625
0 0.7734375 0.296875 0.015625 0.028125
0 0.496484375 0.620703125 0.10859375 0.41640625
0 0.7734375 0.296875 0.015625 0.028125
