0 0.505078125 0.591015625 0.08828125 0.38828125
0 0.858203125 0.47734375 0.04453125 0.1234375
0 0.505078125 0.591015625 0.08828125 0.38828125
0 0.858203125 0.47734375 0.04453125 0.1234375
0 0.505078125 0.591015625 0.08828125 0.38828125
0 0.858203125 0.47734375 0.04453125 0.1234375
0 0.505078125 0.591015625 0.08828125 0.38828125
0 0.858203125 0.47734375 0.04453125 0.1234375
0 0.505078125 0.591015625 0.08828125 0.38828125
0 0.858203125 0.47734375 0.04453125 0.1234375
0 0.505078125 0.591015625 0.08828125 0.38828125
0 0.858203125 0.47734375 0.04453125 0.1234375
0 0.505078125 0.591015625 0.08828125 0.38828125
0 0.858203125 0.47734375 0.04453125 0.1234375
0 0.505078125 0.591015625 0.08828125 0.38828125
0 0.858203125 0.47734375 0.04453125 0.1234375
0 0.505078125 0.591015625 0.08828125 0.38828125
0 0.858203125 0.47734375 0.04453125 0.1234375
0 0.505078125 0.591015625 0.08828125 0.38828125
0 0.858203125 0.47734375 0.04453125 0.1234375
