0 0.93828125 0.432421875 0.0859375 0.14921875
0 0.6921875 0.47734375 0.0875 0.2796875
0 0.4609375 0.439453125 0.078125 0.15703125
0 0.93828125 0.432421875 0.0859375 0.14921875
0 0.6921875 0.47734375 0.0875 0.2796875
0 0.4609375 0.439453125 0.078125 0.15703125
0 0.93828125 0.432421875 0.0859375 0.14921875
0 0.6921875 0.47734375 0.0875 0.2796875
0 0.4609375 0.439453125 0.078125 0.15703125
0 0.93828125 0.432421875 0.0859375 0.14921875
0 0.6921875 0.47734375 0.0875 0.2796875
0 0.4609375 0.439453125 0.078125 0.15703125
0 0.93828125 0.432421875 0.0859375 0.14921875
0 0.6921875 0.47734375 0.0875 0.2796875
0 0.4609375 0.439453125 0.078125 0.15703125
0 0.93828125 0.432421875 0.0859375 0.14921875
0 0.6921875 0.47734375 0.0875 0.2796875
0 0.4609375 0.439453125 0.078125 0.15703125
0 0.93828125 0.432421875 0.0859375 0.14921875
0 0.6921875 0.47734375 0.0875 0.2796875
0 0.4609375 0.439453125 0.078125 0.15703125
0 0.93828125 0.432421875 0.0859375 0.14921875
0 0.6921875 0.47734375 0.0875 0.2796875
0 0.4609375 0.439453125 0.078125 0.15703125
0 0.93828125 0.432421875 0.0859375 0.14921875
0 0.6921875 0.47734375 0.0875 0.2796875
0 0.4609375 0.439453125 0.078125 0.15703125
0 0.93828125 0.432421875 0.0859375 0.14921875
0 0.6921875 0.47734375 0.0875 0.2796875
0 0.4609375 0.439453125 0.078125 0.15703125
