0 0.654296875 0.42421875 0.03984375 0.1265625
0 0.5671875 0.448828125 0.0375 0.19765625
0 0.425390625 0.449609375 0.04765625 0.19296875
0 0.654296875 0.42421875 0.03984375 0.1265625
0 0.5671875 0.448828125 0.0375 0.19765625
0 0.425390625 0.449609375 0.04765625 0.19296875
0 0.654296875 0.42421875 0.03984375 0.1265625
0 0.5671875 0.448828125 0.0375 0.19765625
0 0.425390625 0.449609375 0.04765625 0.19296875
0 0.654296875 0.42421875 0.03984375 0.1265625
0 0.5671875 0.448828125 0.0375 0.19765625
0 0.425390625 0.449609375 0.04765625 0.19296875
0 0.654296875 0.42421875 0.03984375 0.1265625
0 0.5671875 0.448828125 0.0375 0.19765625
0 0.425390625 0.449609375 0.04765625 0.19296875
0 0.654296875 0.42421875 0.03984375 0.1265625
0 0.5671875 0.448828125 0.0375 0.19765625
0 0.425390625 0.449609375 0.04765625 0.19296875
0 0.654296875 0.42421875 0.03984375 0.1265625
0 0.5671875 0.448828125 0.0375 0.19765625
0 0.425390625 0.449609375 0.04765625 0.19296875
0 0.654296875 0.42421875 0.03984375 0.1265625
0 0.5671875 0.448828125 0.0375 0.19765625
0 0.425390625 0.449609375 0.04765625 0.19296875
0 0.654296875 0.42421875 0.03984375 0.1265625
0 0.5671875 0.448828125 0.0375 0.19765625
0 0.425390625 0.449609375 0.04765625 0.19296875
0 0.654296875 0.42421875 0.03984375 0.1265625
0 0.5671875 0.448828125 0.0375 0.19765625
0 0.425390625 0.449609375 0.04765625 0.19296875
