0 0.52578125 0.384375 0.0359375 0.178125
0 0.57109375 0.37890625 0.0359375 0.1671875
0 0.618359375 0.34140625 0.01484375 0.0546875
0 0.52578125 0.384375 0.0359375 0.178125
0 0.57109375 0.37890625 0.0359375 0.1671875
0 0.618359375 0.34140625 0.01484375 0.0546875
0 0.52578125 0.384375 0.0359375 0.178125
0 0.57109375 0.37890625 0.0359375 0.1671875
0 0.618359375 0.34140625 0.01484375 0.0546875
0 0.52578125 0.384375 0.0359375 0.178125
0 0.57109375 0.37890625 0.0359375 0.1671875
0 0.618359375 0.34140625 0.01484375 0.0546875
0 0.52578125 0.384375 0.0359375 0.178125
0 0.57109375 0.37890625 0.0359375 0.1671875
0 0.618359375 0.34140625 0.01484375 0.0546875
0 0.52578125 0.384375 0.0359375 0.178125
0 0.57109375 0.37890625 0.0359375 0.1671875
0 0.618359375 0.34140625 0.01484375 0.0546875
0 0.52578125 0.384375 0.0359375 0.178125
0 0.57109375 0.37890625 0.0359375 0.1671875
0 0.618359375 0.34140625 0.01484375 0.0546875
0 0.52578125 0.384375 0.0359375 0.178125
0 0.57109375 0.37890625 0.0359375 0.1671875
0 0.618359375 0.34140625 0.01484375 0.0546875
0 0.52578125 0.384375 0.0359375 0.178125
0 0.57109375 0.37890625 0.0359375 0.1671875
0 0.618359375 0.34140625 0.01484375 0.0546875
0 0.52578125 0.384375 0.0359375 0.178125
0 0.57109375 0.37890625 0.0359375 0.1671875
0 0.618359375 0.34140625 0.01484375 0.0546875
