0 0.56875 0.40234375 0.03125 0.1015625
0 0.563671875 0.341796875 0.02109375 0.03984375
0 0.533203125 0.404296875 0.04453125 0.18984375
0 0.47734375 0.403515625 0.0328125 0.10390625
0 0.437109375 0.3953125 0.03984375 0.159375
0 0.38359375 0.38984375 0.0421875 0.1515625
0 0.151171875 0.347265625 0.02734375 0.05390625
0 0.820703125 0.360546875 0.03203125 0.07734375
0 0.840234375 0.35234375 0.01171875 0.0609375
0 0.56875 0.40234375 0.03125 0.1015625
0 0.563671875 0.341796875 0.02109375 0.03984375
0 0.533203125 0.404296875 0.04453125 0.18984375
0 0.47734375 0.403515625 0.0328125 0.10390625
0 0.437109375 0.3953125 0.03984375 0.159375
0 0.38359375 0.38984375 0.0421875 0.1515625
0 0.151171875 0.347265625 0.02734375 0.05390625
0 0.820703125 0.360546875 0.03203125 0.07734375
0 0.840234375 0.35234375 0.01171875 0.0609375
0 0.56875 0.40234375 0.03125 0.1015625
0 0.563671875 0.341796875 0.02109375 0.03984375
0 0.533203125 0.404296875 0.04453125 0.18984375
0 0.47734375 0.403515625 0.0328125 0.10390625
0 0.437109375 0.3953125 0.03984375 0.159375
0 0.38359375 0.38984375 0.0421875 0.1515625
0 0.151171875 0.347265625 0.02734375 0.05390625
0 0.820703125 0.360546875 0.03203125 0.07734375
0 0.840234375 0.35234375 0.01171875 0.0609375
0 0.56875 0.40234375 0.03125 0.1015625
0 0.563671875 0.341796875 0.02109375 0.03984375
0 0.533203125 0.404296875 0.04453125 0.18984375
0 0.47734375 0.403515625 0.0328125 0.10390625
0 0.437109375 0.3953125 0.03984375 0.159375
0 0.38359375 0.38984375 0.0421875 0.1515625
0 0.151171875 0.347265625 0.02734375 0.05390625
0 0.820703125 0.360546875 0.03203125 0.07734375
0 0.840234375 0.35234375 0.01171875 0.0609375
0 0.56875 0.40234375 0.03125 0.1015625
0 0.563671875 0.341796875 0.02109375 0.03984375
0 0.533203125 0.404296875 0.04453125 0.18984375
0 0.47734375 0.403515625 0.0328125 0.10390625
0 0.437109375 0.3953125 0.03984375 0.159375
0 0.38359375 0.38984375 0.0421875 0.1515625
0 0.151171875 0.347265625 0.02734375 0.05390625
0 0.820703125 0.360546875 0.03203125 0.07734375
0 0.840234375 0.35234375 0.01171875 0.0609375
0 0.56875 0.40234375 0.03125 0.1015625
0 0.563671875 0.341796875 0.02109375 0.03984375
0 0.533203125 0.404296875 0.04453125 0.18984375
0 0.47734375 0.403515625 0.0328125 0.10390625
0 0.437109375 0.3953125 0.03984375 0.159375
0 0.38359375 0.38984375 0.0421875 0.1515625
0 0.151171875 0.347265625 0.02734375 0.05390625
0 0.820703125 0.360546875 0.03203125 0.07734375
0 0.840234375 0.35234375 0.01171875 0.0609375
0 0.56875 0.40234375 0.03125 0.1015625
0 0.563671875 0.341796875 0.02109375 0.03984375
0 0.533203125 0.404296875 0.04453125 0.18984375
0 0.47734375 0.403515625 0.0328125 0.10390625
0 0.437109375 0.3953125 0.03984375 0.159375
0 0.38359375 0.38984375 0.0421875 0.1515625
0 0.151171875 0.347265625 0.02734375 0.05390625
0 0.820703125 0.360546875 0.03203125 0.07734375
0 0.840234375 0.35234375 0.01171875 0.0609375
0 0.56875 0.40234375 0.03125 0.1015625
0 0.563671875 0.341796875 0.02109375 0.03984375
0 0.533203125 0.404296875 0.04453125 0.18984375
0 0.47734375 0.403515625 0.0328125 0.10390625
0 0.437109375 0.3953125 0.03984375 0.159375
0 0.38359375 0.38984375 0.0421875 0.1515625
0 0.151171875 0.347265625 0.02734375 0.05390625
0 0.820703125 0.360546875 0.03203125 0.07734375
0 0.840234375 0.35234375 0.01171875 0.0609375
0 0.56875 0.40234375 0.03125 0.1015625
0 0.563671875 0.341796875 0.02109375 0.03984375
0 0.533203125 0.404296875 0.04453125 0.18984375
0 0.47734375 0.403515625 0.0328125 0.10390625
0 0.437109375 0.3953125 0.03984375 0.159375
0 0.38359375 0.38984375 0.0421875 0.1515625
0 0.151171875 0.347265625 0.02734375 0.05390625
0 0.820703125 0.360546875 0.03203125 0.07734375
0 0.840234375 0.35234375 0.01171875 0.0609375
0 0.56875 0.40234375 0.03125 0.1015625
0 0.563671875 0.341796875 0.02109375 0.03984375
0 0.533203125 0.404296875 0.04453125 0.18984375
0 0.47734375 0.403515625 0.0328125 0.10390625
0 0.437109375 0.3953125 0.03984375 0.159375
0 0.38359375 0.38984375 0.0421875 0.1515625
0 0.151171875 0.347265625 0.02734375 0.05390625
0 0.820703125 0.360546875 0.03203125 0.07734375
0 0.840234375 0.35234375 0.01171875 0.0609375
