0 0.2671875 0.3890625 0.075 0.215625
0 0.6625 0.418359375 0.10625 0.31484375
0 0.2671875 0.3890625 0.075 0.215625
0 0.6625 0.418359375 0.10625 0.31484375
0 0.2671875 0.3890625 0.075 0.215625
0 0.6625 0.418359375 0.10625 0.31484375
0 0.2671875 0.3890625 0.075 0.215625
0 0.6625 0.418359375 0.10625 0.31484375
0 0.2671875 0.3890625 0.075 0.215625
0 0.6625 0.418359375 0.10625 0.31484375
0 0.2671875 0.3890625 0.075 0.215625
0 0.6625 0.418359375 0.10625 0.31484375
0 0.2671875 0.3890625 0.075 0.215625
0 0.6625 0.418359375 0.10625 0.31484375
0 0.2671875 0.3890625 0.075 0.215625
0 0.6625 0.418359375 0.10625 0.31484375
0 0.2671875 0.3890625 0.075 0.215625
0 0.6625 0.418359375 0.10625 0.31484375
0 0.2671875 0.3890625 0.075 0.215625
0 0.6625 0.418359375 0.10625 0.31484375
