0 0.623046875 0.466796875 0.12109375 0.42421875
0 0.73872109375 0.40406328125 0.0805671875 0.2550015625
0 0.623046875 0.466796875 0.12109375 0.42421875
0 0.73872109375 0.40406328125 0.0805671875 0.2550015625
0 0.623046875 0.466796875 0.12109375 0.42421875
0 0.73872109375 0.40406328125 0.0805671875 0.2550015625
0 0.623046875 0.466796875 0.12109375 0.42421875
0 0.73872109375 0.40406328125 0.0805671875 0.2550015625
0 0.623046875 0.466796875 0.12109375 0.42421875
0 0.73872109375 0.40406328125 0.0805671875 0.2550015625
0 0.623046875 0.466796875 0.12109375 0.42421875
0 0.73872109375 0.40406328125 0.0805671875 0.2550015625
0 0.623046875 0.466796875 0.12109375 0.42421875
0 0.73872109375 0.40406328125 0.0805671875 0.2550015625
0 0.623046875 0.466796875 0.12109375 0.42421875
0 0.73872109375 0.40406328125 0.0805671875 0.2550015625
0 0.623046875 0.466796875 0.12109375 0.42421875
0 0.73872109375 0.40406328125 0.0805671875 0.2550015625
0 0.623046875 0.466796875 0.12109375 0.42421875
0 0.73872109375 0.40406328125 0.0805671875 0.2550015625
