0 0.6375 0.5515625 0.065625 0.240625
0 0.591796875 0.48828125 0.02109375 0.0828125
0 0.4671875 0.493359375 0.021875 0.08671875
0 0.6375 0.5515625 0.065625 0.240625
0 0.591796875 0.48828125 0.02109375 0.0828125
0 0.4671875 0.493359375 0.021875 0.08671875
0 0.6375 0.5515625 0.065625 0.240625
0 0.591796875 0.48828125 0.02109375 0.0828125
0 0.4671875 0.493359375 0.021875 0.08671875
0 0.6375 0.5515625 0.065625 0.240625
0 0.591796875 0.48828125 0.02109375 0.0828125
0 0.4671875 0.493359375 0.021875 0.08671875
0 0.6375 0.5515625 0.065625 0.240625
0 0.591796875 0.48828125 0.02109375 0.0828125
0 0.4671875 0.493359375 0.021875 0.08671875
0 0.6375 0.5515625 0.065625 0.240625
0 0.591796875 0.48828125 0.02109375 0.0828125
0 0.4671875 0.493359375 0.021875 0.08671875
0 0.6375 0.5515625 0.065625 0.240625
0 0.591796875 0.48828125 0.02109375 0.0828125
0 0.4671875 0.493359375 0.021875 0.08671875
0 0.6375 0.5515625 0.065625 0.240625
0 0.591796875 0.48828125 0.02109375 0.0828125
0 0.4671875 0.493359375 0.021875 0.08671875
0 0.6375 0.5515625 0.065625 0.240625
0 0.591796875 0.48828125 0.02109375 0.0828125
0 0.4671875 0.493359375 0.021875 0.08671875
0 0.6375 0.5515625 0.065625 0.240625
0 0.591796875 0.48828125 0.02109375 0.0828125
0 0.4671875 0.493359375 0.021875 0.08671875
