0 0.49140625 0.5796875 0.0984375 0.38125
0 0.890625 0.473828125 0.05 0.16015625
0 0.49140625 0.5796875 0.0984375 0.38125
0 0.890625 0.473828125 0.05 0.16015625
0 0.49140625 0.5796875 0.0984375 0.38125
0 0.890625 0.473828125 0.05 0.16015625
0 0.49140625 0.5796875 0.0984375 0.38125
0 0.890625 0.473828125 0.05 0.16015625
0 0.49140625 0.5796875 0.0984375 0.38125
0 0.890625 0.473828125 0.05 0.16015625
0 0.49140625 0.5796875 0.0984375 0.38125
0 0.890625 0.473828125 0.05 0.16015625
0 0.49140625 0.5796875 0.0984375 0.38125
0 0.890625 0.473828125 0.05 0.16015625
0 0.49140625 0.5796875 0.0984375 0.38125
0 0.890625 0.473828125 0.05 0.16015625
0 0.49140625 0.5796875 0.0984375 0.38125
0 0.890625 0.473828125 0.05 0.16015625
0 0.49140625 0.5796875 0.0984375 0.38125
0 0.890625 0.473828125 0.05 0.16015625
