0 0.5 0.605859375 0.134375 0.41796875
0 0.57890625 0.471484375 0.0171875 0.08046875
0 0.5 0.605859375 0.134375 0.41796875
0 0.57890625 0.471484375 0.0171875 0.08046875
0 0.5 0.605859375 0.134375 0.41796875
0 0.57890625 0.471484375 0.0171875 0.08046875
0 0.5 0.605859375 0.134375 0.41796875
0 0.57890625 0.471484375 0.0171875 0.08046875
0 0.5 0.605859375 0.134375 0.41796875
0 0.57890625 0.471484375 0.0171875 0.08046875
0 0.5 0.605859375 0.134375 0.41796875
0 0.57890625 0.471484375 0.0171875 0.08046875
0 0.5 0.605859375 0.134375 0.41796875
0 0.57890625 0.471484375 0.0171875 0.08046875
0 0.5 0.605859375 0.134375 0.41796875
0 0.57890625 0.471484375 0.0171875 0.08046875
0 0.5 0.605859375 0.134375 0.41796875
0 0.57890625 0.471484375 0.0171875 0.08046875
0 0.5 0.605859375 0.134375 0.41796875
0 0.57890625 0.471484375 0.0171875 0.08046875
