0 0.498828125 0.598828125 0.09140625 0.37890625
0 0.88203125 0.239453125 0.0265625 0.03828125
0 0.498828125 0.598828125 0.09140625 0.37890625
0 0.88203125 0.239453125 0.0265625 0.03828125
0 0.498828125 0.598828125 0.09140625 0.37890625
0 0.88203125 0.239453125 0.0265625 0.03828125
0 0.498828125 0.598828125 0.09140625 0.37890625
0 0.88203125 0.239453125 0.0265625 0.03828125
0 0.498828125 0.598828125 0.09140625 0.37890625
0 0.88203125 0.239453125 0.0265625 0.03828125
0 0.498828125 0.598828125 0.09140625 0.37890625
0 0.88203125 0.239453125 0.0265625 0.03828125
0 0.498828125 0.598828125 0.09140625 0.37890625
0 0.88203125 0.239453125 0.0265625 0.03828125
0 0.498828125 0.598828125 0.09140625 0.37890625
0 0.88203125 0.239453125 0.0265625 0.03828125
0 0.498828125 0.598828125 0.09140625 0.37890625
0 0.88203125 0.239453125 0.0265625 0.03828125
0 0.498828125 0.598828125 0.09140625 0.37890625
0 0.88203125 0.239453125 0.0265625 0.03828125
