0 0.7703125 0.76875 0.059375 0.190625
0 0.5375 0.51484375 0.0125 0.0546875
0 0.3640625 0.437109375 0.00625 0.02109375
0 0.7703125 0.76875 0.059375 0.190625
0 0.5375 0.51484375 0.0125 0.0546875
0 0.3640625 0.437109375 0.00625 0.02109375
0 0.7703125 0.76875 0.059375 0.190625
0 0.5375 0.51484375 0.0125 0.0546875
0 0.3640625 0.437109375 0.00625 0.02109375
0 0.7703125 0.76875 0.059375 0.190625
0 0.5375 0.51484375 0.0125 0.0546875
0 0.3640625 0.437109375 0.00625 0.02109375
0 0.7703125 0.76875 0.059375 0.190625
0 0.5375 0.51484375 0.0125 0.0546875
0 0.3640625 0.437109375 0.00625 0.02109375
0 0.7703125 0.76875 0.059375 0.190625
0 0.5375 0.51484375 0.0125 0.0546875
0 0.3640625 0.437109375 0.00625 0.02109375
0 0.7703125 0.76875 0.059375 0.190625
0 0.5375 0.51484375 0.0125 0.0546875
0 0.3640625 0.437109375 0.00625 0.02109375
0 0.7703125 0.76875 0.059375 0.190625
0 0.5375 0.51484375 0.0125 0.0546875
0 0.3640625 0.437109375 0.00625 0.02109375
0 0.7703125 0.76875 0.059375 0.190625
0 0.5375 0.51484375 0.0125 0.0546875
0 0.3640625 0.437109375 0.00625 0.02109375
0 0.7703125 0.76875 0.059375 0.190625
0 0.5375 0.51484375 0.0125 0.0546875
0 0.3640625 0.437109375 0.00625 0.02109375
