0 0.48671875 0.620703125 0.0859375 0.40703125
0 0.189453125 0.271484375 0.01640625 0.03046875
0 0.48671875 0.620703125 0.0859375 0.40703125
0 0.189453125 0.271484375 0.01640625 0.03046875
0 0.48671875 0.620703125 0.0859375 0.40703125
0 0.189453125 0.271484375 0.01640625 0.03046875
0 0.48671875 0.620703125 0.0859375 0.40703125
0 0.189453125 0.271484375 0.01640625 0.03046875
0 0.48671875 0.620703125 0.0859375 0.40703125
0 0.189453125 0.271484375 0.01640625 0.03046875
0 0.48671875 0.620703125 0.0859375 0.40703125
0 0.189453125 0.271484375 0.01640625 0.03046875
0 0.48671875 0.620703125 0.0859375 0.40703125
0 0.189453125 0.271484375 0.01640625 0.03046875
0 0.48671875 0.620703125 0.0859375 0.40703125
0 0.189453125 0.271484375 0.01640625 0.03046875
0 0.48671875 0.620703125 0.0859375 0.40703125
0 0.189453125 0.271484375 0.01640625 0.03046875
0 0.48671875 0.620703125 0.0859375 0.40703125
0 0.189453125 0.271484375 0.01640625 0.03046875
