0 0.514453125 0.604296875 0.11015625 0.42421875
0 0.11015625 0.483203125 0.0640625 0.16015625
0 0.514453125 0.604296875 0.11015625 0.42421875
0 0.11015625 0.483203125 0.0640625 0.16015625
0 0.514453125 0.604296875 0.11015625 0.42421875
0 0.11015625 0.483203125 0.0640625 0.16015625
0 0.514453125 0.604296875 0.11015625 0.42421875
0 0.11015625 0.483203125 0.0640625 0.16015625
0 0.514453125 0.604296875 0.11015625 0.42421875
0 0.11015625 0.483203125 0.0640625 0.16015625
0 0.514453125 0.604296875 0.11015625 0.42421875
0 0.11015625 0.483203125 0.0640625 0.16015625
0 0.514453125 0.604296875 0.11015625 0.42421875
0 0.11015625 0.483203125 0.0640625 0.16015625
0 0.514453125 0.604296875 0.11015625 0.42421875
0 0.11015625 0.483203125 0.0640625 0.16015625
0 0.514453125 0.604296875 0.11015625 0.42421875
0 0.11015625 0.483203125 0.0640625 0.16015625
0 0.514453125 0.604296875 0.11015625 0.42421875
0 0.11015625 0.483203125 0.0640625 0.16015625
