0 0.441796875 0.485546875 0.07109375 0.26171875
0 0.387109375 0.47109375 0.02734375 0.1015625
0 0.494140625 0.38046875 0.00703125 0.0359375
0 0.47578125 0.38203125 0.0078125 0.0359375
0 0.441796875 0.485546875 0.07109375 0.26171875
0 0.387109375 0.47109375 0.02734375 0.1015625
0 0.494140625 0.38046875 0.00703125 0.0359375
0 0.47578125 0.38203125 0.0078125 0.0359375
0 0.441796875 0.485546875 0.07109375 0.26171875
0 0.387109375 0.47109375 0.02734375 0.1015625
0 0.494140625 0.38046875 0.00703125 0.0359375
0 0.47578125 0.38203125 0.0078125 0.0359375
0 0.441796875 0.485546875 0.07109375 0.26171875
0 0.387109375 0.47109375 0.02734375 0.1015625
0 0.494140625 0.38046875 0.00703125 0.0359375
0 0.47578125 0.38203125 0.0078125 0.0359375
0 0.441796875 0.485546875 0.07109375 0.26171875
0 0.387109375 0.47109375 0.02734375 0.1015625
0 0.494140625 0.38046875 0.00703125 0.0359375
0 0.47578125 0.38203125 0.0078125 0.0359375
0 0.441796875 0.485546875 0.07109375 0.26171875
0 0.387109375 0.47109375 0.02734375 0.1015625
0 0.494140625 0.38046875 0.00703125 0.0359375
0 0.47578125 0.38203125 0.0078125 0.0359375
0 0.441796875 0.485546875 0.07109375 0.26171875
0 0.387109375 0.47109375 0.02734375 0.1015625
0 0.494140625 0.38046875 0.00703125 0.0359375
0 0.47578125 0.38203125 0.0078125 0.0359375
0 0.441796875 0.485546875 0.07109375 0.26171875
0 0.387109375 0.47109375 0.02734375 0.1015625
0 0.494140625 0.38046875 0.00703125 0.0359375
0 0.47578125 0.38203125 0.0078125 0.0359375
0 0.441796875 0.485546875 0.07109375 0.26171875
0 0.387109375 0.47109375 0.02734375 0.1015625
0 0.494140625 0.38046875 0.00703125 0.0359375
0 0.47578125 0.38203125 0.0078125 0.0359375
0 0.441796875 0.485546875 0.07109375 0.26171875
0 0.387109375 0.47109375 0.02734375 0.1015625
0 0.494140625 0.38046875 0.00703125 0.0359375
0 0.47578125 0.38203125 0.0078125 0.0359375
