0 0.26875 0.419140625 0.146875 0.44765625
0 0.483984375 0.41640625 0.03984375 0.1640625
0 0.631640625 0.448046875 0.05703125 0.18359375
0 0.26875 0.419140625 0.146875 0.44765625
0 0.483984375 0.41640625 0.03984375 0.1640625
0 0.631640625 0.448046875 0.05703125 0.18359375
0 0.26875 0.419140625 0.146875 0.44765625
0 0.483984375 0.41640625 0.03984375 0.1640625
0 0.631640625 0.448046875 0.05703125 0.18359375
0 0.26875 0.419140625 0.146875 0.44765625
0 0.483984375 0.41640625 0.03984375 0.1640625
0 0.631640625 0.448046875 0.05703125 0.18359375
0 0.26875 0.419140625 0.146875 0.44765625
0 0.483984375 0.41640625 0.03984375 0.1640625
0 0.631640625 0.448046875 0.05703125 0.18359375
0 0.26875 0.419140625 0.146875 0.44765625
0 0.483984375 0.41640625 0.03984375 0.1640625
0 0.631640625 0.448046875 0.05703125 0.18359375
0 0.26875 0.419140625 0.146875 0.44765625
0 0.483984375 0.41640625 0.03984375 0.1640625
0 0.631640625 0.448046875 0.05703125 0.18359375
0 0.26875 0.419140625 0.146875 0.44765625
0 0.483984375 0.41640625 0.03984375 0.1640625
0 0.631640625 0.448046875 0.05703125 0.18359375
0 0.26875 0.419140625 0.146875 0.44765625
0 0.483984375 0.41640625 0.03984375 0.1640625
0 0.631640625 0.448046875 0.05703125 0.18359375
0 0.26875 0.419140625 0.146875 0.44765625
0 0.483984375 0.41640625 0.03984375 0.1640625
0 0.631640625 0.448046875 0.05703125 0.18359375
