0 0.515625 0.58125 0.1 0.390625
0 0.59921875 0.463671875 0.0234375 0.08046875
0 0.515625 0.58125 0.1 0.390625
0 0.59921875 0.463671875 0.0234375 0.08046875
0 0.515625 0.58125 0.1 0.390625
0 0.59921875 0.463671875 0.0234375 0.08046875
0 0.515625 0.58125 0.1 0.390625
0 0.59921875 0.463671875 0.0234375 0.08046875
0 0.515625 0.58125 0.1 0.390625
0 0.59921875 0.463671875 0.0234375 0.08046875
0 0.515625 0.58125 0.1 0.390625
0 0.59921875 0.463671875 0.0234375 0.08046875
0 0.515625 0.58125 0.1 0.390625
0 0.59921875 0.463671875 0.0234375 0.08046875
0 0.515625 0.58125 0.1 0.390625
0 0.59921875 0.463671875 0.0234375 0.08046875
0 0.515625 0.58125 0.1 0.390625
0 0.59921875 0.463671875 0.0234375 0.08046875
0 0.515625 0.58125 0.1 0.390625
0 0.59921875 0.463671875 0.0234375 0.08046875
