0 0.47578125 0.384375 0.0359375 0.178125
0 0.42890625 0.37890625 0.0359375 0.1671875
0 0.380859375 0.34140625 0.01484375 0.0546875
0 0.47578125 0.384375 0.0359375 0.178125
0 0.42890625 0.37890625 0.0359375 0.1671875
0 0.380859375 0.34140625 0.01484375 0.0546875
0 0.47578125 0.384375 0.0359375 0.178125
0 0.42890625 0.37890625 0.0359375 0.1671875
0 0.380859375 0.34140625 0.01484375 0.0546875
0 0.47578125 0.384375 0.0359375 0.178125
0 0.42890625 0.37890625 0.0359375 0.1671875
0 0.380859375 0.34140625 0.01484375 0.0546875
0 0.47578125 0.384375 0.0359375 0.178125
0 0.42890625 0.37890625 0.0359375 0.1671875
0 0.380859375 0.34140625 0.01484375 0.0546875
0 0.47578125 0.384375 0.0359375 0.178125
0 0.42890625 0.37890625 0.0359375 0.1671875
0 0.380859375 0.34140625 0.01484375 0.0546875
0 0.47578125 0.384375 0.0359375 0.178125
0 0.42890625 0.37890625 0.0359375 0.1671875
0 0.380859375 0.34140625 0.01484375 0.0546875
0 0.47578125 0.384375 0.0359375 0.178125
0 0.42890625 0.37890625 0.0359375 0.1671875
0 0.380859375 0.34140625 0.01484375 0.0546875
0 0.47578125 0.384375 0.0359375 0.178125
0 0.42890625 0.37890625 0.0359375 0.1671875
0 0.380859375 0.34140625 0.01484375 0.0546875
0 0.47578125 0.384375 0.0359375 0.178125
0 0.42890625 0.37890625 0.0359375 0.1671875
0 0.380859375 0.34140625 0.01484375 0.0546875
