0 0.504296875 0.620703125 0.10859375 0.41640625
0 0.228125 0.296875 0.015625 0.028125
0 0.504296875 0.620703125 0.10859375 0.41640625
0 0.228125 0.296875 0.015625 0.028125
0 0.504296875 0.620703125 0.10859375 0.41640625
0 0.228125 0.296875 0.015625 0.028125
0 0.504296875 0.620703125 0.10859375 0.41640625
0 0.228125 0.296875 0.015625 0.028125
0 0.504296875 0.620703125 0.10859375 0.41640625
0 0.228125 0.296875 0.015625 0.028125
0 0.504296875 0.620703125 0.10859375 0.41640625
0 0.228125 0.296875 0.015625 0.028125
0 0.504296875 0.620703125 0.10859375 0.41640625
0 0.228125 0.296875 0.015625 0.028125
0 0.504296875 0.620703125 0.10859375 0.41640625
0 0.228125 0.296875 0.015625 0.028125
0 0.504296875 0.620703125 0.10859375 0.41640625
0 0.228125 0.296875 0.015625 0.028125
0 0.504296875 0.620703125 0.10859375 0.41640625
0 0.228125 0.296875 0.015625 0.028125
