0 0.498828125 0.57890625 0.06953125 0.3234375
0 0.61953125 0.475390625 0.0171875 0.06953125
0 0.498828125 0.57890625 0.06953125 0.3234375
0 0.61953125 0.475390625 0.0171875 0.06953125
0 0.498828125 0.57890625 0.06953125 0.3234375
0 0.61953125 0.475390625 0.0171875 0.06953125
0 0.498828125 0.57890625 0.06953125 0.3234375
0 0.61953125 0.475390625 0.0171875 0.06953125
0 0.498828125 0.57890625 0.06953125 0.3234375
0 0.61953125 0.475390625 0.0171875 0.06953125
0 0.498828125 0.57890625 0.06953125 0.3234375
0 0.61953125 0.475390625 0.0171875 0.06953125
0 0.498828125 0.57890625 0.06953125 0.3234375
0 0.61953125 0.475390625 0.0171875 0.06953125
0 0.498828125 0.57890625 0.06953125 0.3234375
0 0.61953125 0.475390625 0.0171875 0.06953125
0 0.498828125 0.57890625 0.06953125 0.3234375
0 0.61953125 0.475390625 0.0171875 0.06953125
0 0.498828125 0.57890625 0.06953125 0.3234375
0 0.61953125 0.475390625 0.0171875 0.06953125
