0 0.39140625 0.35625 0.0265625 0.09375
0 0.535546875 0.43828125 0.01484375 0.0609375
0 0.559765625 0.398828125 0.01328125 0.04765625
0 0.744140625 0.38984375 0.04140625 0.0203125
0 0.39140625 0.35625 0.0265625 0.09375
0 0.535546875 0.43828125 0.01484375 0.0609375
0 0.559765625 0.398828125 0.01328125 0.04765625
0 0.744140625 0.38984375 0.04140625 0.0203125
0 0.39140625 0.35625 0.0265625 0.09375
0 0.535546875 0.43828125 0.01484375 0.0609375
0 0.559765625 0.398828125 0.01328125 0.04765625
0 0.744140625 0.38984375 0.04140625 0.0203125
0 0.39140625 0.35625 0.0265625 0.09375
0 0.535546875 0.43828125 0.01484375 0.0609375
0 0.559765625 0.398828125 0.01328125 0.04765625
0 0.744140625 0.38984375 0.04140625 0.0203125
0 0.39140625 0.35625 0.0265625 0.09375
0 0.535546875 0.43828125 0.01484375 0.0609375
0 0.559765625 0.398828125 0.01328125 0.04765625
0 0.744140625 0.38984375 0.04140625 0.0203125
0 0.39140625 0.35625 0.0265625 0.09375
0 0.535546875 0.43828125 0.01484375 0.0609375
0 0.559765625 0.398828125 0.01328125 0.04765625
0 0.744140625 0.38984375 0.04140625 0.0203125
0 0.39140625 0.35625 0.0265625 0.09375
0 0.535546875 0.43828125 0.01484375 0.0609375
0 0.559765625 0.398828125 0.01328125 0.04765625
0 0.744140625 0.38984375 0.04140625 0.0203125
0 0.39140625 0.35625 0.0265625 0.09375
0 0.535546875 0.43828125 0.01484375 0.0609375
0 0.559765625 0.398828125 0.01328125 0.04765625
0 0.744140625 0.38984375 0.04140625 0.0203125
0 0.39140625 0.35625 0.0265625 0.09375
0 0.535546875 0.43828125 0.01484375 0.0609375
0 0.559765625 0.398828125 0.01328125 0.04765625
0 0.744140625 0.38984375 0.04140625 0.0203125
0 0.39140625 0.35625 0.0265625 0.09375
0 0.535546875 0.43828125 0.01484375 0.0609375
0 0.559765625 0.398828125 0.01328125 0.04765625
0 0.744140625 0.38984375 0.04140625 0.0203125
