0 0.559375 0.21015625 0.01875 0.0640625
0 0.523828125 0.503125 0.01640625 0.053125
0 0.559375 0.21015625 0.01875 0.0640625
0 0.523828125 0.503125 0.01640625 0.053125
0 0.559375 0.21015625 0.01875 0.0640625
0 0.523828125 0.503125 0.01640625 0.053125
0 0.559375 0.21015625 0.01875 0.0640625
0 0.523828125 0.503125 0.01640625 0.053125
0 0.559375 0.21015625 0.01875 0.0640625
0 0.523828125 0.503125 0.01640625 0.053125
0 0.559375 0.21015625 0.01875 0.0640625
0 0.523828125 0.503125 0.01640625 0.053125
0 0.559375 0.21015625 0.01875 0.0640625
0 0.523828125 0.503125 0.01640625 0.053125
0 0.559375 0.21015625 0.01875 0.0640625
0 0.523828125 0.503125 0.01640625 0.053125
0 0.559375 0.21015625 0.01875 0.0640625
0 0.523828125 0.503125 0.01640625 0.053125
0 0.559375 0.21015625 0.01875 0.0640625
0 0.523828125 0.503125 0.01640625 0.053125
