0 0.4828125 0.616015625 0.103125 0.41015625
0 0.365234375 0.486328125 0.03046875 0.09140625
0 0.4828125 0.616015625 0.103125 0.41015625
0 0.365234375 0.486328125 0.03046875 0.09140625
0 0.4828125 0.616015625 0.103125 0.41015625
0 0.365234375 0.486328125 0.03046875 0.09140625
0 0.4828125 0.616015625 0.103125 0.41015625
0 0.365234375 0.486328125 0.03046875 0.09140625
0 0.4828125 0.616015625 0.103125 0.41015625
0 0.365234375 0.486328125 0.03046875 0.09140625
0 0.4828125 0.616015625 0.103125 0.41015625
0 0.365234375 0.486328125 0.03046875 0.09140625
0 0.4828125 0.616015625 0.103125 0.41015625
0 0.365234375 0.486328125 0.03046875 0.09140625
0 0.4828125 0.616015625 0.103125 0.41015625
0 0.365234375 0.486328125 0.03046875 0.09140625
0 0.4828125 0.616015625 0.103125 0.41015625
0 0.365234375 0.486328125 0.03046875 0.09140625
0 0.4828125 0.616015625 0.103125 0.41015625
0 0.365234375 0.486328125 0.03046875 0.09140625
