0 0.495703125 0.6 0.07890625 0.378125
0 0.153125 0.49140625 0.0625 0.1453125
0 0.495703125 0.6 0.07890625 0.378125
0 0.153125 0.49140625 0.0625 0.1453125
0 0.495703125 0.6 0.07890625 0.378125
0 0.153125 0.49140625 0.0625 0.1453125
0 0.495703125 0.6 0.07890625 0.378125
0 0.153125 0.49140625 0.0625 0.1453125
0 0.495703125 0.6 0.07890625 0.378125
0 0.153125 0.49140625 0.0625 0.1453125
0 0.495703125 0.6 0.07890625 0.378125
0 0.153125 0.49140625 0.0625 0.1453125
0 0.495703125 0.6 0.07890625 0.378125
0 0.153125 0.49140625 0.0625 0.1453125
0 0.495703125 0.6 0.07890625 0.378125
0 0.153125 0.49140625 0.0625 0.1453125
0 0.495703125 0.6 0.07890625 0.378125
0 0.153125 0.49140625 0.0625 0.1453125
0 0.495703125 0.6 0.07890625 0.378125
0 0.153125 0.49140625 0.0625 0.1453125
